[[ 1.2047206   0.62551412  0.5282652  ...,  0.20593885  1.34671406
   1.34788944]
 [ 0.862513    0.63147894  0.02730302 ...,  0.35046734  0.67472136
   1.37694849]
 [ 0.89817659  0.06631326  1.34613964 ...,  0.69853483  1.13301932
   0.20852854]
 ..., 
 [ 0.85574629  1.1221781   0.82581319 ...,  0.01129429  1.14196376
   0.74742822]
 [ 0.44975042  0.42413464  0.82622371 ...,  1.07019103  0.81141483
   0.20688371]
 [ 0.77375537  1.16596149  1.11130265 ...,  0.08393181  1.04452734
   0.93282986]] [[-0.13236637 -0.01377466  0.00043697 ...,  0.01062    -0.00337514
  -0.03906194]
 [-0.21833777  0.09330185  0.10833228 ...,  0.05099554 -0.06773649
  -0.06309346]
 [-0.02632083  0.11836326  0.07824588 ...,  0.05836961  0.03159354
   0.0014451 ]
 ..., 
 [ 0.01490779  0.03514701  0.00234679 ..., -0.00616155 -0.00405081
   0.04221845]
 [ 0.10346265  0.02448854  0.00629151 ...,  0.00660288  0.01175841
  -0.01313513]
 [ 0.02760419 -0.02009248  0.00571527 ...,  0.01185969 -0.00835877
   0.01160657]] [[ 0.21179406  0.12969296  0.34420702 ...,  0.43446928  0.64281019
   1.0841232 ]
 [ 0.91232081  0.79904825  0.35531968 ...,  1.19239088  1.02730602
   0.03239584]
 [ 0.72629894  0.04247659  0.07630312 ...,  0.16593073  0.72489483
   0.91642459]
 ..., 
 [ 0.12204689  0.82946106  0.7980479  ...,  0.4293951   1.06921812
   0.74321373]
 [ 0.65065629  0.51520459  0.88390763 ...,  0.10036816  0.7380261
   0.26921045]
 [ 0.11798657  0.70426497  0.49550207 ...,  0.77581592  0.97525835
   1.32402494]]
