[[ 0.3681567   0.41485935  0.71114218 ...,  0.99153546  0.53492543
   0.74681705]
 [ 0.02875958  1.24237632  1.00137719 ...,  0.74057841  0.4824361
   0.71999854]
 [ 1.01167934  0.2366222   0.96639556 ...,  0.25658119  0.08856607
   0.71667984]
 ..., 
 [ 0.05457724  1.27517278  0.66592216 ...,  0.4280554   0.8688978
   0.81911374]
 [ 1.36781645  0.79607142  1.28032929 ...,  0.54888899  1.31090626
   0.96723802]
 [ 0.81043124  1.01551714  0.20044424 ...,  1.34002194  0.75723331
   0.20571139]] [[  4.01898394e-01   3.37223370e-01  -1.45909881e-01  -9.49158838e-02
   -1.13616125e-01   9.92550779e-01  -1.16439354e-01  -3.70132207e-01
    4.41120048e-01   4.41120048e-01  -2.77683053e-01   3.47532401e-01
   -3.70132207e-01   3.42522985e-01  -1.37677799e-01  -5.02397707e-01
    4.01898394e-01  -5.38939803e-02  -2.85692790e-01  -2.77683053e-01
   -1.19370086e-01   6.93148762e-02  -9.08593268e-01  -1.16439354e-01
    7.34293464e-02]
 [ -3.46617252e-02   8.42704687e-02  -1.09505101e-01  -2.46943200e-02
   -5.10683237e-02   4.33450129e-02   5.65146480e-02  -4.41726233e-02
    1.09054166e-01   1.09054166e-01  -4.85702746e-02   2.28108431e-02
   -4.41726233e-02  -8.71158286e-02  -9.56962335e-02  -2.13041910e-01
   -3.46617252e-02  -3.76073060e-02   6.61167359e-02  -4.85702746e-02
   -1.98678984e-02   1.17667091e-01   8.54656732e-02   5.65146480e-02
    1.40357198e-01]
 [ -1.17611155e-01  -1.61438581e-01   3.88602037e-02   1.04642794e-01
   -9.95888063e-03  -9.19590916e-02   3.46691727e-02   9.91048195e-02
    3.46599555e-02   3.46599555e-02   4.80856019e-02   2.34490587e-01
    9.91048195e-02  -2.02742670e-01   2.80747049e-02  -1.97031578e-01
   -1.17611155e-01   1.84598440e-01  -1.04255144e-01   4.80856019e-02
   -1.57016441e-01  -8.42219466e-02   2.51659747e-01   3.46691727e-02
   -8.50574406e-03]
 [ -2.54663610e-01   4.89655520e-01  -9.49894939e-01   4.41698205e-01
    5.88478327e-01  -3.69303829e-01   3.42805042e-01  -3.75815952e-02
    2.03804371e-01   2.03804371e-01   1.85390782e-01   4.08444614e-01
   -3.75815952e-02  -9.32612772e-01  -3.49528606e-01  -7.80953943e-01
   -2.54663610e-01  -8.10551005e-03   9.25018635e-02   1.85390782e-01
    3.24572132e-01   2.60138343e-01  -4.28918493e-01   3.42805042e-01
   -1.11726062e-01]
 [ -1.17611155e-01  -1.61438581e-01   3.88602037e-02   1.04642794e-01
   -9.95888063e-03  -9.19590916e-02   3.46691727e-02   9.91048195e-02
    3.46599555e-02   3.46599555e-02   4.80856019e-02   2.34490587e-01
    9.91048195e-02  -2.02742670e-01   2.80747049e-02  -1.97031578e-01
   -1.17611155e-01   1.84598440e-01  -1.04255144e-01   4.80856019e-02
   -1.57016441e-01  -8.42219466e-02   2.51659747e-01   3.46691727e-02
   -8.50574406e-03]
 [  1.00314784e-01   1.27403212e-01  -1.95940474e-01   9.60399788e-02
    1.33817141e-01   3.69784771e-01   4.78988045e-02  -1.82190581e-01
    1.19934913e-01   1.19934913e-01  -6.24321838e-02  -1.76850573e-02
   -1.82190581e-01   2.21262330e-01  -4.58943256e-01  -5.56533456e-01
    1.00314784e-01   2.55691290e-01   1.60588962e-01  -6.24321838e-02
    7.56190302e-04   9.06227462e-02  -1.89025522e-01   4.78988045e-02
   -5.82250541e-02]
 [ -1.71524080e-01   4.32513208e-02  -6.90783503e-02  -1.17815702e-01
   -3.62487423e-02  -9.82145462e-02  -7.17461336e-02   6.26945025e-02
   -8.68654261e-02  -8.68654261e-02   7.10761529e-02   2.05371410e-02
    6.26945025e-02   1.96760199e-01   1.04047313e-01   2.13414332e-01
   -1.71524080e-01  -6.34564076e-02   1.16434020e-02   7.10761529e-02
    1.10787448e-01   2.62403898e-03   2.13789155e-01  -7.17461336e-02
   -8.64624147e-02]
 [  1.19728337e-01   1.41891953e-01  -1.36816549e-01  -5.85234055e-01
    6.68314948e-01   4.85912220e-02  -1.06171615e-01  -1.94098815e-01
    3.37896945e-02   3.37896945e-02   8.84876822e-02  -4.14255953e-01
   -1.94098815e-01   1.23387983e-01  -3.94107127e-01  -2.42179104e-01
    1.19728337e-01   1.53427014e-01   3.48459096e-01   8.84876822e-02
    4.91538403e-01   7.19052483e-01  -5.78912588e-01  -1.06171615e-01
   -3.28004341e-02]
 [ -1.07939050e-01  -3.71799727e-02  -8.85575348e-02  -7.23822971e-02
   -6.86714564e-01  -2.66764131e-01   7.26678193e-02   4.91096003e-01
   -2.01812428e-01  -2.01812428e-01   5.00386808e-02   3.79034833e-01
    4.91096003e-01  -5.77764528e-01   6.66200346e-01   4.39467807e-01
   -1.07939050e-01   2.25720003e-01  -3.76701748e-03   5.00386808e-02
   -2.80095567e-01  -8.60464054e-01   7.27594971e-01   7.26678193e-02
   -1.02202125e-01]
 [ -3.46617252e-02   8.42704687e-02  -1.09505101e-01  -2.46943200e-02
   -5.10683237e-02   4.33450129e-02   5.65146480e-02  -4.41726233e-02
    1.09054166e-01   1.09054166e-01  -4.85702746e-02   2.28108431e-02
   -4.41726233e-02  -8.71158286e-02  -9.56962335e-02  -2.13041910e-01
   -3.46617252e-02  -3.76073060e-02   6.61167359e-02  -4.85702746e-02
   -1.98678984e-02   1.17667091e-01   8.54656732e-02   5.65146480e-02
    1.40357198e-01]
 [ -1.92957070e-01  -4.50126224e-01   1.25171813e-01   5.77537893e-02
   -2.11236415e-01  -2.07323815e-01   1.77608492e-01   3.49823173e-01
   -2.40652858e-01  -2.40652858e-01   1.32054098e-01  -7.56433476e-02
    3.49823173e-01   1.86423328e-01   5.04371342e-01   4.87012966e-01
   -1.92957070e-01  -1.85441182e-01  -2.53888954e-01   1.32054098e-01
   -2.33886622e-01   3.45327770e-01  -2.54445316e-01   1.77608492e-01
   -3.67401741e-02]
 [ -3.46617252e-02   8.42704687e-02  -1.09505101e-01  -2.46943200e-02
   -5.10683237e-02   4.33450129e-02   5.65146480e-02  -4.41726233e-02
    1.09054166e-01   1.09054166e-01  -4.85702746e-02   2.28108431e-02
   -4.41726233e-02  -8.71158286e-02  -9.56962335e-02  -2.13041910e-01
   -3.46617252e-02  -3.76073060e-02   6.61167359e-02  -4.85702746e-02
   -1.98678984e-02   1.17667091e-01   8.54656732e-02   5.65146480e-02
    1.40357198e-01]
 [  2.79197209e-01  -4.41102896e-01   1.31905570e-01  -2.95742820e-01
    5.82143847e-01   2.22908869e-01   8.91706442e-02   1.39165822e-01
   -6.60660300e-02  -6.60660300e-02  -1.43546452e-01  -5.93158257e-01
    1.39165822e-01   1.21415153e-01   2.61773034e-01   1.28742947e-01
    2.79197209e-01   3.64398867e-01  -4.92250209e-01  -1.43546452e-01
   -2.24912556e-02  -2.52593727e-01   3.12759501e-01   8.91706442e-02
   -2.45760686e-01]
 [ -2.93428906e-01   9.80740959e-02   1.56094366e-01  -2.34765271e-02
    4.77604616e-02  -5.07272321e-01   8.84690742e-02   2.55847663e-01
   -1.38196644e-01  -1.38196644e-01   1.60873649e-01  -2.86180517e-01
    2.55847663e-01  -1.87233048e-01   3.76852283e-01   3.67895675e-01
   -2.93428906e-01  -2.20974120e-01   8.79336508e-02   1.60873649e-01
   -8.08338467e-02  -1.39356100e-02   1.88481460e-01   8.84690742e-02
    3.46526500e-02]
 [ -2.93428906e-01   9.80740959e-02   1.56094366e-01  -2.34765271e-02
    4.77604616e-02  -5.07272321e-01   8.84690742e-02   2.55847663e-01
   -1.38196644e-01  -1.38196644e-01   1.60873649e-01  -2.86180517e-01
    2.55847663e-01  -1.87233048e-01   3.76852283e-01   3.67895675e-01
   -2.93428906e-01  -2.20974120e-01   8.79336508e-02   1.60873649e-01
   -8.08338467e-02  -1.39356100e-02   1.88481460e-01   8.84690742e-02
    3.46526500e-02]
 [  2.14309930e-01  -1.00657440e-01   3.40207210e-01  -2.81511689e-01
   -3.04038120e-01   4.08440899e-02  -1.67902820e-01  -8.03463932e-02
   -1.19597106e-01  -1.19597106e-01  -5.22508597e-02  -5.98959693e-02
   -8.03463932e-02   2.12579130e-01   4.82651853e-01   6.74583078e-01
    2.14309930e-01   3.66722757e-02  -2.49854002e-01  -5.22508597e-02
   -2.56265313e-01  -1.03790817e-01   9.24299540e-02  -1.67902820e-01
    1.18670199e-01]
 [  2.14309930e-01  -1.00657440e-01   3.40207210e-01  -2.81511689e-01
   -3.04038120e-01   4.08440899e-02  -1.67902820e-01  -8.03463932e-02
   -1.19597106e-01  -1.19597106e-01  -5.22508597e-02  -5.98959693e-02
   -8.03463932e-02   2.12579130e-01   4.82651853e-01   6.74583078e-01
    2.14309930e-01   3.66722757e-02  -2.49854002e-01  -5.22508597e-02
   -2.56265313e-01  -1.03790817e-01   9.24299540e-02  -1.67902820e-01
    1.18670199e-01]
 [ -5.58091632e-02   6.93734750e-01  -5.78158933e-01   5.82117831e-01
    4.78849802e-01  -2.88788288e-01   7.09087978e-02  -7.31705553e-02
    4.25307475e-01   4.25307475e-01  -1.37560500e-01  -6.57222495e-03
   -7.31705553e-02   6.97641246e-02  -1.31975191e+00  -9.02238045e-01
   -5.58091632e-02  -1.48461857e-01   4.04086412e-01  -1.37560500e-01
    4.32817858e-01  -5.20311763e-02   2.52200690e-02   7.09087978e-02
    1.60327166e-01]
 [ -4.35957874e-01  -2.93356582e-03  -8.17227005e-02   1.25755295e-01
    1.03492480e+00  -9.85583677e-01   2.53053572e-01   3.17713449e-02
   -1.68115973e-01  -1.68115973e-01   1.00366838e-01  -1.57564538e-02
    3.17713449e-02  -1.35450802e-01  -3.51579932e-01  -2.95400755e-01
   -4.35957874e-01  -1.01168249e-01   6.79318022e-01   1.00366838e-01
    6.77395108e-01  -3.19572875e-02  -1.19818077e-02   2.53053572e-01
   -6.69758153e-02]
 [  6.52962198e-01   6.47000785e-02   8.36551015e-01  -1.97731125e-02
    1.87142986e-01   6.22362890e-01  -1.95165171e-01  -2.97734271e-01
   -4.94852958e-02  -4.94852958e-02  -1.94173208e-01  -3.32250023e-01
   -2.97734271e-01   4.77005758e-01  -7.13273206e-01  -3.80087623e-01
    6.52962198e-01  -8.13090797e-02  -2.32855886e-01  -1.94173208e-01
    3.01739771e-01  -3.08363992e-01   1.67897958e-01  -1.95165171e-01
    3.51648317e-02]
 [ -8.18417891e-02  -7.66503401e-01   4.92823896e-01  -2.32119989e-01
   -6.26210520e-01   2.49721726e-01  -3.54905026e-01   5.13937258e-02
   -3.85801475e-01  -3.85801475e-01  -1.10781127e-01   2.52039404e-01
    5.13937258e-02   4.56462745e-02   1.02745825e+00   1.00111908e+00
   -8.18417891e-02   2.30810272e-01   7.25769805e-02  -1.10781127e-01
   -7.52586641e-01   5.58680373e-01   2.62493687e-01  -3.54905026e-01
    2.06759444e-02]
 [ -1.71524080e-01   4.32513208e-02  -6.90783503e-02  -1.17815702e-01
   -3.62487423e-02  -9.82145462e-02  -7.17461336e-02   6.26945025e-02
   -8.68654261e-02  -8.68654261e-02   7.10761529e-02   2.05371410e-02
    6.26945025e-02   1.96760199e-01   1.04047313e-01   2.13414332e-01
   -1.71524080e-01  -6.34564076e-02   1.16434020e-02   7.10761529e-02
    1.10787448e-01   2.62403898e-03   2.13789155e-01  -7.17461336e-02
   -8.64624147e-02]
 [ -3.01998921e-01   6.52558537e-02   3.22174294e-02   6.41753426e-01
    2.00840104e-01   1.95892188e-01   9.30665673e-02  -3.38673434e-01
    1.41635568e-01   1.41635568e-01   1.77109388e-01   1.45321354e-01
   -3.38673434e-01  -7.68200760e-02  -7.53504319e-01  -1.52686466e-01
   -3.01998921e-01  -2.30367690e-01   1.79420143e-01   1.77109388e-01
    5.01855883e-01   4.14745920e-01  -9.77901942e-01   9.30665673e-02
    1.57845678e-01]
 [  2.57718321e-01  -2.93626238e-01  -3.99197745e-02   2.36281146e-01
   -1.27855703e+00  -2.48702161e-02  -1.12384079e-01   2.13782878e-01
    3.93528564e-02   3.93528564e-02   4.93673533e-02   4.20148435e-01
    2.13782878e-01  -4.80976906e-02   7.70575902e-01   6.19547458e-01
    2.57718321e-01  -4.16548756e-01  -1.49414733e-01   4.93673533e-02
   -2.73118066e-01  -7.86125804e-01   4.52756504e-01  -1.12384079e-01
   -1.42473485e-01]
 [  1.00314784e-01   1.27403212e-01  -1.95940474e-01   9.60399788e-02
    1.33817141e-01   3.69784771e-01   4.78988045e-02  -1.82190581e-01
    1.19934913e-01   1.19934913e-01  -6.24321838e-02  -1.76850573e-02
   -1.82190581e-01   2.21262330e-01  -4.58943256e-01  -5.56533456e-01
    1.00314784e-01   2.55691290e-01   1.60588962e-01  -6.24321838e-02
    7.56190302e-04   9.06227462e-02  -1.89025522e-01   4.78988045e-02
   -5.82250541e-02]] [[ 0.05674184  0.96451593  0.92139592 ...,  0.14482518  0.13195622
   0.20902016]
 [ 1.09912918  0.81590954  0.34555051 ...,  0.19506527  0.90571324
   0.80997218]
 [ 0.33317458  0.24129824  0.13455426 ...,  0.73245377  1.44448921
   0.37740896]
 ..., 
 [ 1.06732618  0.66930006  1.4054425  ...,  0.4367584   0.15881831
   1.10550793]
 [ 1.28740396  0.0920071   0.47518727 ...,  0.66909521  0.40055902
   0.46172773]
 [ 0.98441079  0.86491152  0.35452333 ...,  0.9625298   0.2079872
   1.17121833]]
