[[ 1.18911477  0.09567076  0.97886886 ...,  0.10988831  0.08115091
   0.29144446]
 [ 0.16431189  0.95267407  1.27110642 ...,  1.40745817  0.86992436
   0.91112799]
 [ 0.45137515  0.17795589  0.85514742 ...,  0.25045092  0.84928219
   0.56014395]
 ..., 
 [ 1.07128608  1.13937234  0.04600991 ...,  0.97281654  0.22158907
   0.39500691]
 [ 0.91037436  0.70878607  0.20604532 ...,  0.26356186  0.5558074
   0.82861356]
 [ 0.10759864  0.68874581  1.02378251 ...,  0.4609292   0.15983094
   0.34755659]] [[-0.00571167  0.0041438   0.04456552 ..., -0.07012324  0.00994202
  -0.02427478]
 [-0.07666053  0.06626271  0.0757802  ..., -0.10414596 -0.03148387
  -0.02206992]
 [ 0.01012127  0.01006208  0.05520789 ..., -0.01835574  0.0138418
   0.0044785 ]
 ..., 
 [-0.02260251 -0.06788097 -0.01378735 ...,  0.03298151  0.01194271
  -0.03666296]
 [-0.14904463  0.0011552   0.02152192 ..., -0.12097395 -0.00193405
  -0.10836862]
 [-0.03165133 -0.03684892  0.13193685 ..., -0.15673755 -0.0384017
  -0.05186048]] [[ 1.19572358  0.75200986  0.82364446 ...,  1.25847744  1.27505765
   0.19379068]
 [ 0.43458491  1.20306953  1.10264595 ...,  1.18978169  0.87300343
   0.05066399]
 [ 0.36074613  1.37189931  1.18534314 ...,  0.16101947  0.04315068
   0.45566292]
 ..., 
 [ 0.09661548  0.92217223  0.24127353 ...,  0.02554028  1.12010322
   0.4451197 ]
 [ 0.83239859  1.25371654  0.80781257 ...,  0.37983783  0.61541166
   0.0301398 ]
 [ 0.21528455  0.93952376  0.96730802 ...,  1.18043007  0.36142307
   0.44828398]]
