[[ 1.16554028  1.28237543  1.23119347 ...,  1.38314376  0.08537669
   0.15840021]
 [ 1.14963136  0.48759478  0.64030187 ...,  0.89217018  0.17518005
   0.85215595]
 [ 1.17265615  0.18809407  0.50579847 ...,  0.43993168  0.95518046
   0.08445757]
 ..., 
 [ 1.18069165  0.27252565  0.54091875 ...,  0.76180039  1.06821099
   1.36348072]
 [ 0.45727364  0.50238723  0.35893132 ...,  0.65354507  1.15850588
   0.37728253]
 [ 1.20124538  0.41023069  0.10211752 ...,  0.33929912  0.53454783
   0.12608803]] [[-0.15806664  0.02359295 -0.18966933 ...,  0.25299903 -0.08278764
  -0.07288764]
 [ 0.11472472 -0.0331427   0.34122977 ..., -0.0441374   0.11796127
   0.13412701]
 [ 0.61976295 -0.00089545  0.71518089 ..., -0.38802863  0.34082192
   0.08714215]
 ..., 
 [ 0.13251015  0.007034   -0.03696169 ...,  0.20088351  0.02517614
   0.05196374]
 [-0.72364381  0.11885761 -0.66998268 ...,  0.37474127 -0.24799199
  -0.07324756]
 [-0.44880384  0.04060394 -0.42663    ...,  0.27811392 -0.16831393
  -0.11001412]] [[ 0.2683497   1.28564874  0.92446053 ...,  0.57649152  0.97449902
   0.95175215]
 [ 0.88323113  0.87672415  0.2061679  ...,  0.86463437  1.09191929
   0.30304381]
 [ 0.91587797  1.3460068   0.72906626 ...,  1.34259434  1.27229283
   0.27541402]
 ..., 
 [ 0.06811478  0.68397052  1.39374589 ...,  0.88583004  0.43826215
   0.9264326 ]
 [ 0.03277809  1.26422868  0.65859947 ...,  1.35866212  0.49437752
   0.24752088]
 [ 0.20802064  0.25398471  0.86825366 ...,  1.24290492  1.02907458
   0.48243394]]
