[[  9.64757845e-01   7.41199962e-01   8.49985884e-01 ...,   3.51941495e-01
    7.62573804e-01   7.09165029e-01]
 [  1.26372743e+00   1.12143894e+00   1.30735324e+00 ...,   1.11594498e+00
    2.50050231e-04   5.98831142e-01]
 [  4.38700059e-01   6.38769042e-01   5.54951916e-02 ...,   3.83225767e-01
    5.23692393e-01   1.17164803e+00]
 ..., 
 [  8.28109886e-01   1.29289480e+00   2.93707283e-02 ...,   1.16978450e+00
    2.87031321e-01   5.65630530e-01]
 [  3.21363449e-01   2.69479544e-01   3.98615625e-01 ...,   2.17039643e-01
    1.02125839e+00   1.29021788e+00]
 [  5.81035186e-01   4.60335386e-01   7.51496658e-01 ...,   1.23786657e+00
    5.96631010e-01   1.35119794e-01]] [[ 0.00933285  0.10036344 -0.19764386 ...,  0.08395075  0.00818192
   0.00933285]
 [-0.00228048 -0.04344244 -0.01314893 ..., -0.0144888  -0.14047265
  -0.00228048]
 [ 0.01296367  0.08259831 -0.04471563 ...,  0.06856116 -0.08753648
   0.01296367]
 ..., 
 [-0.02436867  0.0902983  -0.04865715 ..., -0.05395612  0.00097232
  -0.02436867]
 [ 0.06523793 -0.02642309 -0.05648966 ...,  0.0602229  -0.16739619
   0.06523793]
 [-0.05866086  0.03531207  0.08592394 ...,  0.09086501 -0.05208359
  -0.05866086]] [[ 0.50253444  0.65314706  0.70265186 ...,  0.1484148   0.57605139
   0.87433146]
 [ 0.11410412  0.86542247  1.13259673 ...,  1.19688654  0.68097029
   0.89911087]
 [ 1.29136788  0.98072307  0.53025638 ...,  0.13191562  1.19168889
   1.27810568]
 ..., 
 [ 0.60696152  0.10346391  1.155262   ...,  0.71759323  0.64472719
   1.28800828]
 [ 0.94118924  0.95679647  0.38430438 ...,  0.17649962  0.23877464
   1.3147637 ]
 [ 0.50253444  0.65314706  0.70265186 ...,  0.1484148   0.57605139
   0.87433146]]
