[[ 0.26019251  0.94814696  0.165423   ...,  1.19329464  0.45765038
   0.21107111]
 [ 0.91920114  0.27747683  0.38930343 ...,  0.64994993  1.12217963
   0.85377655]
 [ 1.14898217  0.12851806  0.11936387 ...,  0.2684963   0.56313108
   1.08455328]
 ..., 
 [ 0.67944768  0.58993586  0.55448401 ...,  0.34779504  0.0879681
   0.56491436]
 [ 0.71692845  1.35053521  0.12928905 ...,  0.7890734   0.11410969
   0.25096701]
 [ 0.35980328  0.33818616  1.35671132 ...,  1.37833765  0.43048031
   1.0644995 ]] [[ 0.21789632 -0.00821126  0.07819405 ..., -0.01451089 -0.10054424
   0.04588762]
 [-0.00740763 -0.00959339 -0.01292323 ...,  0.00303604 -0.05294852
   0.00337044]
 [-0.04067789  0.0174147   0.01653286 ...,  0.02218571 -0.05973702
   0.01511767]
 ..., 
 [-0.23032761 -0.08959105  0.01693619 ...,  0.02794736 -0.13105145
  -0.00093963]
 [ 0.09991511  0.01187132 -0.00751466 ..., -0.04351304 -0.00956007
  -0.00044393]
 [ 0.01507283 -0.02266189  0.03706469 ...,  0.03006219  0.04942502
  -0.01940615]] [[ 0.02059664  0.04939433  0.59125504 ...,  0.87686424  0.08704459
   1.3855778 ]
 [ 1.1010287   0.52513194  1.0352321  ...,  0.6300711   0.74469115
   0.0932725 ]
 [ 1.10411728  0.7742736   0.98578478 ...,  1.02711068  1.00408698
   0.89495721]
 ..., 
 [ 0.19623799  0.07969767  0.40531098 ...,  0.70237317  1.41484073
   0.25056822]
 [ 0.61319875  0.49692562  1.13382122 ...,  0.85103005  0.63595076
   1.31380878]
 [ 0.05450459  0.10406859  0.2639909  ...,  0.23916192  0.39601388
   0.7565846 ]]
