[[ 0.64821333  1.20291386  1.31075471 ...,  0.32765715  1.10712833
   1.31811867]
 [ 0.78974618  0.33908736  1.1317021  ...,  0.09592844  1.0955004
   1.22820882]
 [ 0.83778027  0.76301193  1.11435243 ...,  0.90631608  0.78552709
   0.30020614]
 ..., 
 [ 0.53033198  1.06816227  1.16976685 ...,  0.18493302  0.32572271
   1.26643279]
 [ 0.0832015   0.16920845  0.26748234 ...,  0.85890422  0.16869891
   0.9149732 ]
 [ 0.41193662  0.6899387   0.12615421 ...,  0.37800661  0.38630231
   1.0054942 ]] [[-1.04095219  0.39149612 -0.41605087 ..., -0.45870811 -0.00534323
  -0.10943737]
 [-1.68806382  0.47795944 -0.58036737 ..., -0.60462475  0.07175467
  -0.18776717]
 [ 0.11129496 -0.0165586   0.01638829 ...,  0.03870031 -0.01785433
   0.0024734 ]
 ..., 
 [-0.47149884  0.16089189 -0.26435517 ..., -0.16749316 -0.06965496
  -0.03708834]
 [-0.10396123  0.06095982 -0.04066422 ..., -0.0369387   0.01106098
   0.00892451]
 [ 0.21463356  0.03660596  0.15364465 ...,  0.01601512  0.01881532
   0.01952817]] [[ 0.67958714  0.34215043  1.09373934 ...,  0.35446081  1.26171466
   0.38609519]
 [ 0.0287079   1.05865144  0.58708235 ...,  0.52540439  0.54304135
   0.39787981]
 [ 0.13488048  0.16158899  1.32623009 ...,  0.24895847  0.7812155
   0.25802398]
 ..., 
 [ 0.96115952  0.22997921  1.36133137 ...,  1.26311761  1.07496028
   1.1072236 ]
 [ 1.31720323  0.20667043  0.56084302 ...,  1.26995262  0.81126751
   0.54587163]
 [ 0.88709151  1.41599994  0.63377042 ...,  0.76038308  1.31227982
   1.08390556]]
