[[ 0.15081003  0.03193316  0.35251879 ...,  0.40306074  0.84554293
   1.00443299]
 [ 0.35568416  0.55131847  0.66387239 ...,  0.630508    0.67205377
   0.11129967]
 [ 0.93626647  0.281484    0.91931545 ...,  0.50624954  0.27237322
   1.20497596]
 ..., 
 [ 0.3437462   0.91390969  1.07559811 ...,  0.04354238  0.07970953
   0.30509357]
 [ 0.20415718  0.2312878   0.51509274 ...,  0.60893835  0.88908989
   0.62594523]
 [ 0.58862954  0.28430006  1.15872932 ...,  0.57618361  0.48341015
   1.11602268]] [[ 0.0695371   0.02430071  0.06434877 ..., -0.04012423  0.02767808
  -0.10164608]
 [ 0.01489242 -0.02011688 -0.04601372 ..., -0.00716841 -0.00273251
   0.0075897 ]
 [-0.03091801  0.00592673  0.01694787 ..., -0.01927452 -0.00565052
   0.00696386]
 ..., 
 [ 0.02630467  0.00190727 -0.0681777  ..., -0.05975379 -0.01341615
   0.00903112]
 [-0.07571434 -0.01565961  0.10324677 ...,  0.07930022  0.01115106
  -0.05250066]
 [-0.04713744  0.04264649  0.15041001 ..., -0.00564995 -0.00430625
   0.0152837 ]] [[ 1.04706976  0.4102867   0.59688832 ...,  0.34663881  0.05509324
   0.74257213]
 [ 0.19167266  1.3621502   1.36770299 ...,  1.30135646  1.31924714
   0.88416547]
 [ 0.50389099  0.55481982  0.77800757 ...,  0.57592102  1.43054659
   0.73408419]
 ..., 
 [ 1.270635    0.27025779  0.21677451 ...,  1.00027939  1.27842029
   0.47355944]
 [ 0.71079293  0.58031722  0.47481813 ...,  0.28279283  0.19411598
   0.89714505]
 [ 0.2044032   0.24206406  0.43412276 ...,  0.81238224  0.88608981
   0.19394566]]
