[[ 0.94205117  0.31469862  0.26499992 ...,  0.06953284  1.30618048
   0.21750374]
 [ 0.8629618   0.4216617   1.18088493 ...,  0.20194078  1.1457022
   1.30363602]
 [ 0.70060982  0.69392746  1.00810005 ...,  0.77797065  1.11133103
   0.55483361]
 ..., 
 [ 1.22823066  0.74004844  0.01039011 ...,  1.0804276   0.11898311
   0.94914315]
 [ 0.84930657  0.52744141  1.02915587 ...,  0.72927445  1.07443174
   0.88373556]
 [ 0.07112934  0.22211003  1.07321283 ...,  0.81341009  1.28032779
   0.79055865]] [[ -7.96205179e-03   5.68799737e-02   1.31187224e-01 ...,   3.25581306e-02
   -4.06756333e-02   1.32895778e-03]
 [ -9.53112440e+09   4.19636901e+10   6.15955003e+10 ...,  -4.11932249e+09
   -8.49824599e+09   5.83744089e+10]
 [ -1.04563843e+10   4.60374298e+10   6.75750516e+10 ...,  -4.51921696e+09
   -9.32323641e+09   6.40412640e+10]
 ..., 
 [ -1.07409149e+10   4.72901627e+10   6.94138487e+10 ...,  -4.64219020e+09
   -9.57693270e+09   6.57839026e+10]
 [ -6.57857846e+09   2.89642036e+10   4.25144836e+10 ...,  -2.84324127e+09
   -5.86566450e+09   4.02912200e+10]
 [ -3.01562640e+09   1.32772175e+10   1.94886782e+10 ...,  -1.30334440e+09
   -2.68882598e+09   1.84695322e+10]] [[ 1.03162578  0.24871148  0.28477926 ...,  1.03105303  1.13509428
   1.34034907]
 [ 1.33464565  0.23266703  0.21869557 ...,  1.26239947  0.79649255
   0.91379042]
 [ 1.41279359  0.54324591  1.29488819 ...,  0.88862836  0.92328723
   0.42914561]
 ..., 
 [ 0.16223779  0.33732475  0.16454635 ...,  0.00523623  0.05380522
   0.90391896]
 [ 0.4920798   0.33408893  0.62633515 ...,  0.27987241  0.87511851
   0.05503762]
 [ 0.64862682  1.24818997  1.24428454 ...,  1.21660782  0.68713396
   0.54770085]]
