[[ 0.63641223  0.99264152  0.38960411 ...,  0.24044686  0.05916703
   1.22041254]
 [ 0.33212444  0.71085988  1.03259816 ...,  0.44612233  1.1902545
   1.34467751]
 [ 0.58994148  1.1400919   1.46056785 ...,  0.21386058  1.02084038
   0.96628905]
 ..., 
 [ 0.36429978  0.2550366   0.47903824 ...,  0.62049493  1.21510356
   1.02741628]
 [ 0.63270283  1.16240067  1.08890673 ...,  0.49170727  0.12981517
   1.09995236]
 [ 0.82045504  0.0642144   1.42201027 ...,  0.85990801  0.07224864
   1.29474815]] [[ 0.07848643  0.09791843 -0.56799867 ...,  0.03088471 -0.04116029
   0.25121539]
 [ 0.1856881   0.34790573 -0.9474157  ..., -0.37680059 -0.44545096
   0.17178635]
 [ 0.19386546  0.41796936 -1.07104255 ..., -0.9715603  -0.85290302
  -0.0525565 ]
 ..., 
 [-0.01326068 -0.11623209  1.11757558 ...,  0.07346916 -0.18585533
  -0.23992521]
 [ 0.02179683  0.15325921 -0.28521054 ..., -0.11803131 -0.09088201
   0.28802235]
 [ 0.02642402 -0.15139701  0.2842232  ...,  0.18189677 -0.03479752
  -0.21866632]] [[ 0.26945133  0.45671291  0.52732909 ...,  0.07552396  0.12501327
   1.19353751]
 [ 0.33036308  0.15949083  0.84482534 ...,  0.14247111  0.33502718
   0.81003712]
 [ 0.04237732  0.70837959  1.23055886 ...,  0.07236505  1.26214391
   0.08722626]
 ..., 
 [ 0.65957064  1.25886812  1.25520006 ...,  0.23797241  0.80501388
   0.01101033]
 [ 0.58446098  0.52742989  0.29049903 ...,  0.03221271  0.53601499
   1.05723396]
 [ 1.09424768  1.46269278  1.23480848 ...,  0.65106876  0.52068828
   0.80033666]]
