[[ 1.10360678  0.49192749  1.04791502 ...,  1.21188591  1.00114903
   0.05908788]
 [ 0.25342439  0.06956893  1.12105267 ...,  0.09757822  0.15810956
   1.07456561]
 [ 0.96500413  0.80801908  0.44330593 ...,  0.84276276  1.10754566
   0.04524029]
 ..., 
 [ 1.1728293   0.87332861  0.34527598 ...,  0.87756429  0.48147029
   1.29983104]
 [ 0.08885693  0.92419496  0.66314473 ...,  0.16294574  0.04073954
   1.04437971]
 [ 0.42568231  1.27173188  0.33759031 ...,  0.00544095  0.29781893
   0.84829573]] [[  4.92644932e-01  -2.01995549e-01   8.14758535e-02 ...,   1.02178110e-01
    3.92042293e-02   8.94842548e-03]
 [ -4.70575649e-01  -3.12800203e-02  -3.68484383e-01 ...,  -2.14116546e-01
    7.95407695e-02  -1.38879380e-01]
 [ -7.31867557e-02   5.81589923e-02  -6.13269618e-02 ...,  -2.51688547e-04
   -2.02907347e-02  -7.88686529e-02]
 ..., 
 [ -6.91918944e-02   2.64969218e-02  -6.94545961e-02 ...,  -8.95061769e-03
    3.94332416e-02   2.99830619e-02]
 [  3.60920093e-01   8.39466529e-02   2.16673180e-01 ...,   7.79311684e-02
   -7.91608899e-02   5.15202746e-02]
 [  1.46053701e-01  -8.70182191e-02  -6.24449475e-02 ...,   5.19407801e-02
   -7.38991050e-02   8.00473104e-04]] [[ 1.03748099  1.35787858  0.83913805 ...,  0.09803138  1.11217691
   1.34385429]
 [ 0.68974899  0.89501908  0.73254838 ...,  0.35818031  0.24821223
   1.42523131]
 [ 0.61068215  0.70158248  1.00488721 ...,  0.80145928  0.72958371
   0.44445343]
 ..., 
 [ 0.42450989  0.20574381  0.99321691 ...,  0.97410813  0.63460018
   0.74181659]
 [ 0.12493815  0.66970027  0.77915229 ...,  1.14197432  0.3664532
   0.62899323]
 [ 1.32340875  0.7342437   0.84434803 ...,  1.15576385  0.133492
   1.15529112]]
