[[ 0.95816193  0.81212583  0.09571716 ...,  0.84484451  0.32899915
   0.87654589]
 [ 0.13239506  1.27093452  0.80598847 ...,  0.62796144  0.89683153
   0.62131396]
 [ 1.27786508  1.02800783  1.17215582 ...,  1.15673325  0.48111187
   1.09078877]
 ..., 
 [ 0.60777739  1.00297407  1.36940698 ...,  1.09534312  0.37531094
   0.68198826]
 [ 1.27566182  0.06459635  1.01680336 ...,  0.79002729  0.97180621
   0.0554575 ]
 [ 1.31598044  0.96872035  0.54845539 ...,  0.26584766  0.11832574
   0.74433528]] [[-0.01846457 -0.00360532 -0.03316415 ...,  0.06143294 -0.05844632
   0.01846208]
 [-0.1170339   0.06276111 -0.09490278 ...,  0.04158313 -0.05070605
   0.04358788]
 [ 0.04365513  0.10224034  0.03027587 ..., -0.07247763  0.14462988
  -0.188179  ]
 ..., 
 [ 0.01500318 -0.07135484  0.06769983 ...,  0.02267397 -0.02836268
  -0.01474004]
 [-0.06833534 -0.03755772 -0.11790912 ...,  0.06170646 -0.09785276
   0.12192181]
 [ 0.09314744  0.01260093 -0.09454892 ..., -0.12920106  0.06185092
  -0.08234056]] [[ 0.55470256  0.46575284  1.34197877 ...,  1.35155591  0.8656861
   0.55591515]
 [ 0.8612222   1.25550814  0.75963023 ...,  0.48731481  1.10692203
   1.28585623]
 [ 0.37416851  0.02202322  0.7367764  ...,  0.83787608  1.25452192
   0.38135426]
 ..., 
 [ 0.44530154  1.10336347  1.08824772 ...,  1.22892596  0.20528424
   1.35568893]
 [ 1.19733395  0.77972502  0.85221209 ...,  0.46612656  0.48791738
   0.58356213]
 [ 0.43851894  0.04695311  0.33209951 ...,  0.0881196   0.37635227
   0.61540779]]
