[[ 0.80608729  0.58516261  0.6633905  ...,  0.4969655   1.1760102
   1.37579161]
 [ 0.31495955  0.04545521  1.34755836 ...,  0.32215792  0.82704213
   0.14981825]
 [ 0.89331393  1.33307917  1.0366083  ...,  0.39586013  1.03544704
   0.75898549]
 ..., 
 [ 1.03143999  1.05765484  0.22636678 ...,  0.0699779   1.02786259
   1.15512166]
 [ 0.55305159  0.72714655  1.01483403 ...,  0.85145122  0.43247956
   0.60905449]
 [ 0.52169894  1.20705351  0.39112473 ...,  0.77528883  1.3686827
   1.20842007]] [[ 1.53877748 -0.60879425  0.09230581 ..., -1.16027528 -0.51238815
  -0.57120322]
 [-2.17488078  0.76421419 -0.19428518 ...,  1.52268869  0.83881249
   0.74481926]
 [-0.56415539  0.24058068 -0.03447749 ...,  0.4044527   0.18704112
   0.18044553]
 ..., 
 [ 0.15876908 -0.03974921  0.01598434 ...,  0.02931856 -0.0250827
   0.02046018]
 [-0.10620607  0.05631265 -0.1876082  ...,  0.29387468 -0.00983533
   0.19886891]
 [ 0.48985674 -0.16566293  0.04178012 ..., -0.28125712 -0.20041248
  -0.08227897]] [[ 1.40097116  1.40426063  1.09839565 ...,  0.16424058  0.66005715
   0.71785893]
 [ 0.92770281  1.27425161  0.28692794 ...,  0.63379099  0.54939189
   1.01033152]
 [ 0.41972987  1.31846537  0.30583695 ...,  0.21729125  0.54388651
   0.72856681]
 ..., 
 [ 0.24684957  0.98698959  0.30393617 ...,  1.34646807  1.34782896
   0.61846046]
 [ 0.64116071  0.10549736  1.00734192 ...,  0.38695045  1.21707796
   1.22251145]
 [ 1.05945042  0.31489161  0.46981428 ...,  1.385611    0.61672687
   0.99236105]]
