[[ 0.32254667  0.49530939  0.50047705 ...,  0.81235907  0.12755451
   0.54446239]
 [ 0.38929364  0.20269348  1.32635383 ...,  0.78100983  1.32697639
   0.00795849]
 [ 0.69588638  0.86714259  1.04579311 ...,  0.66308443  0.80782048
   0.63498862]
 ..., 
 [ 1.15912197  0.20785863  0.10059855 ...,  1.37039182  0.47469902
   0.48966686]
 [ 0.32610431  0.47083063  0.42694488 ...,  0.21944969  0.32921735
   0.44067112]
 [ 0.75672143  1.12576832  0.37455295 ...,  0.69584205  0.10452628
   0.82060577]] [[-0.00391338 -0.01401134 -0.026007   ...,  0.11649881  0.02662554
  -0.0001837 ]
 [ 0.02287422 -0.06641409 -0.00568376 ..., -0.02821805 -0.02537859
   0.07844777]
 [-0.04198198  0.05844556 -0.04381918 ...,  0.17191046  0.13635507
  -0.02354128]
 ..., 
 [-0.01805435 -0.02741289  0.02003789 ..., -0.05614874 -0.02968505
  -0.00526536]
 [ 0.04868762 -0.02025836  0.04078644 ..., -0.10392675  0.01558162
   0.01691435]
 [ 0.07884456 -0.03932546 -0.02562894 ...,  0.03037692 -0.00846129
  -0.0240932 ]] [[ 0.87342642  0.35005076  0.36906436 ...,  0.13865825  1.05358985
   0.78779402]
 [ 0.65546362  0.37720544  1.15809386 ...,  1.33860325  0.86886683
   0.96065185]
 [ 0.14772602  0.49212845  0.56356808 ...,  0.39676956  0.56221118
   1.25170431]
 ..., 
 [ 1.39067528  0.31082237  0.84632204 ...,  1.02517947  0.88909245
   0.80999064]
 [ 0.39457678  0.74955212  0.15257438 ...,  1.34909921  0.77060553
   0.70444183]
 [ 0.10717498  0.98403581  1.38229403 ...,  0.08879656  0.87247673
   0.25315083]]
