[[ 1.03077694  1.29374925  0.79219514 ...,  0.17315656  0.71741264
   0.73835589]
 [ 0.37300625  0.65825552  0.5808088  ...,  1.09678159  0.05128819
   0.32129542]
 [ 1.15803475  0.33435159  1.05178875 ...,  0.2241035   1.12910987
   0.49013215]
 ..., 
 [ 0.08201114  0.49634837  0.38729695 ...,  1.04099009  1.35331769
   1.34531266]
 [ 0.38064617  1.02168692  0.26116198 ...,  0.22083513  0.80050981
   0.96532005]
 [ 0.70207713  0.67820496  0.60115177 ...,  0.05111815  1.12960896
   0.32971255]] [[ 0.00911455  0.30951184  0.01579293 ...,  0.03767542 -0.02211018
  -0.0810967 ]
 [-0.04045293  0.11758476  0.06835265 ..., -0.08846233  0.03655098
  -0.05872408]
 [ 0.05178339 -0.09244191  0.02733262 ..., -0.09656791  0.0062005
  -0.04432673]
 ..., 
 [ 0.08173467  0.0320633   0.06896775 ..., -0.0259298   0.09743254
  -0.0640583 ]
 [-0.04461257 -0.02414029 -0.03712024 ...,  0.01136684 -0.00832113
  -0.00180038]
 [-0.09461582  0.02505499 -0.14319849 ...,  0.02345064 -0.11732985
   0.03438608]] [[ 0.96487438  0.90684189  0.19393507 ...,  0.66174616  1.03108552
   1.01636065]
 [ 0.12944129  1.30568666  0.18992636 ...,  0.26434361  1.24159006
   0.61874855]
 [ 0.41743759  1.13090224  1.04878287 ...,  0.08534772  0.90530619
   0.12886135]
 ..., 
 [ 1.22601741  0.99993937  0.4380087  ...,  0.66600212  0.72081461
   0.61562318]
 [ 0.66029398  1.32910654  1.32941094 ...,  0.09993878  0.21688962
   0.24981774]
 [ 1.02531127  0.67713528  0.92701989 ...,  1.17183841  0.32622045
   0.354203  ]]
