[[ 0.73242049  0.93257751  1.01156333 ...,  1.27937235  1.06617887
   0.168656  ]
 [ 0.719798    0.86669387  0.65302943 ...,  0.02411075  0.1375251
   0.03871147]
 [ 0.17204086  0.7615317   1.03080914 ...,  0.6763083   0.99344886
   0.33830968]
 ..., 
 [ 0.9966208   0.56546695  1.29472091 ...,  0.84783225  0.85032242
   0.61071066]
 [ 0.85926151  1.00872699  0.569022   ...,  1.11680195  1.22113021
   1.30033419]
 [ 0.47712068  0.74626675  0.7190987  ...,  0.25422947  0.48074691
   0.39741061]] [[-0.03212533  0.11614445  0.20342673 ...,  0.10239954  0.36467634
  -0.01794777]
 [ 0.01847693 -0.33333789 -0.17462756 ..., -0.10264575 -0.22523699
   0.08666261]
 [-0.050998   -0.05742735  0.07218566 ..., -0.03471311 -0.18314748
  -0.05461236]
 ..., 
 [ 0.20257385  0.2261638   0.24077935 ..., -0.22167737 -0.24348522
  -0.14607498]
 [-0.00691964  0.20302182  0.19312822 ...,  0.30233716  0.41523447
  -0.09096609]
 [ 0.18401084  0.340387   -0.08994521 ..., -0.28572183 -0.25821425
   0.01275191]] [[ 0.28168873  0.11114343  1.36604832 ...,  1.30142113  0.46221661
   0.25456453]
 [ 0.54592566  1.04584827  1.06715615 ...,  0.00626259  0.83346283
   0.24582868]
 [ 0.34167071  0.23044113  0.55925278 ...,  0.44841869  0.40119545
   1.28648146]
 ..., 
 [ 0.52712663  0.80349193  0.53220218 ...,  0.13662147  0.91102924
   0.3121614 ]
 [ 0.2124634   0.90134605  0.2167605  ...,  1.21161584  0.27733038
   0.02460208]
 [ 0.15182911  0.91868829  0.10751385 ...,  0.33535693  0.0969647
   0.77277106]]
