[[ 1.21536996  0.06154462  0.61013894 ...,  0.43643656  0.06870462
   0.8026902 ]
 [ 0.89831788  0.38320493  1.09432106 ...,  0.40197071  0.95893485
   0.88779631]
 [ 1.29047208  0.31629101  0.73148697 ...,  0.64794555  0.92158911
   0.43127849]
 ..., 
 [ 1.44499466  0.01615378  1.33056182 ...,  0.08059854  1.36573478
   1.0919479 ]
 [ 0.95606342  0.02872946  0.7835965  ...,  0.75136509  0.51671143
   1.25237436]
 [ 0.30898     1.13751745  0.0036851  ...,  0.03337035  0.8645885
   0.02971007]] [[ 0.02446151 -0.13500398 -0.03334935 ..., -0.35547165 -0.1976365
   0.41009907]
 [ 0.26242656 -0.75419366  0.08052322 ..., -0.70648906 -0.22391914
  -0.14616743]
 [ 0.05964201  0.06937512  0.02509778 ...,  0.11585578  0.03988936
  -0.22089226]
 ..., 
 [ 0.0760614   0.036758   -0.02955658 ..., -0.06786154 -0.03096242
   0.03288381]
 [-0.03457732 -0.12539649  0.0047169  ..., -0.0292774   0.02701548
  -0.04517775]
 [ 0.00926951  0.05632546 -0.02542545 ...,  0.28210244  0.00134734
  -0.18465884]] [[ 0.47067597  1.10031671  0.64953479 ...,  0.29319397  0.90555594
   0.40395446]
 [ 0.1570538   1.12938649  0.55129794 ...,  1.08806437  1.28348993
   0.30540878]
 [ 0.37379124  0.4855548   0.09248455 ...,  0.67297597  1.0606007
   1.37519993]
 ..., 
 [ 0.76721596  0.72264259  0.22032619 ...,  0.6730503   1.25902034
   0.0679909 ]
 [ 1.17167917  0.360653    1.13417519 ...,  0.62221313  0.82369462
   0.5174345 ]
 [ 0.69341357  0.52433495  0.20789779 ...,  0.64210507  0.05016183
   0.60002665]]
