[[ 1.30960117  0.72171348  0.2210187  ...,  0.82734336  1.12295363
   1.30689283]
 [ 1.05012874  0.09370458  0.34198286 ...,  1.20641883  0.07070677
   0.3341413 ]
 [ 1.29383605  1.26142929  0.69101608 ...,  0.34707605  1.40081122
   0.45428319]
 ..., 
 [ 0.95001064  0.71659428  1.39566908 ...,  0.78072389  0.8897997   0.181398  ]
 [ 0.99333375  1.44463292  0.05087846 ...,  1.21013631  1.39764883
   0.62777118]
 [ 0.89123262  0.02967314  0.59808769 ...,  1.27921712  0.63136916
   1.11234643]] [[ 0.07336396 -0.00763351 -0.02258283 ...,  0.05981503  0.03655781
  -0.10468083]
 [-0.10892204 -0.03619491 -0.11661648 ..., -0.08398075 -0.07750286
  -0.00116175]
 [ 0.01162463 -0.05721505  0.03219662 ..., -0.03556203 -0.01512348
  -0.08479186]
 ..., 
 [ 0.05966514 -0.02040975 -0.12749064 ..., -0.11607715  0.07879913
   0.05702948]
 [-0.05635195 -0.00472266  0.01351964 ..., -0.02599121 -0.06993    -0.07852965]
 [ 0.0269665  -0.05040431  0.08074286 ...,  0.00593248 -0.02313401
  -0.09210065]] [[ 0.05620081  1.2950669   0.84247813 ...,  0.02711788  1.31774628
   1.28938695]
 [ 1.2293459   0.52186123  1.27352023 ...,  0.62890575  0.21565589
   1.14412751]
 [ 0.83526291  0.30400069  0.28774795 ...,  0.69203936  0.55291676
   0.90182097]
 ..., 
 [ 0.87022723  1.08338782  0.7556527  ...,  0.2969913   0.7096393
   1.17282763]
 [ 1.0238999   1.30393706  0.58057062 ...,  0.5682105   0.76259952
   0.8208911 ]
 [ 0.47355101  1.0137755   0.34417888 ...,  0.35808504  0.64217303
   0.89324621]]
