[[ 0.52056548  0.81653842  0.98503325  0.83371396  0.71565072]
 [ 0.58651141  0.08920104  1.09046704  1.17781203  1.3092828 ]
 [ 0.83017848  1.22021107  0.75380996  0.27476664  0.93287462]
 [ 1.30864184  0.36645781  1.01047664  1.15216237  0.67365854]
 [ 0.9572701   1.11081453  0.08267176  0.21018609  0.28697549]
 [ 1.13488277  0.61293679  0.42893678  0.8943808   0.21793423]
 [ 0.53942521  1.09175251  0.05707275  1.17667496  0.78813229]
 [ 0.53246947  0.10113113  0.62689885  0.50828812  0.41075943]
 [ 0.2083998   0.28978347  1.0518176   0.33902806  0.72317175]
 [ 0.6850852   1.05579361  0.93071036  0.47018432  1.14680972]] [[ 18.20417507  -0.8222922   -2.10260414 -18.92050322   4.48592466]
 [-11.40388899   0.82519959   2.17276482  12.08114296  -3.35741559]
 [ -3.11789127   2.12182168  -2.13947316   5.38108004  -3.11459079]
 [-14.71772914   1.09117276   3.21097788  13.47042458  -2.57756964]
 [ 12.02113372  -2.77139791  -0.72429965 -12.59709823   5.06472117]] [[ 0.77022654  0.36389191  1.1065184   0.58442531  0.57779435  0.20487319
   0.61902669  0.05753416  0.96347574  1.52516001]
 [ 1.02208703  1.28452377  0.67265945  0.27646007  0.01455001  0.78477444
   0.07652517  1.06397967  1.08723959  0.38558888]
 [ 0.92332396  0.28939096  0.35387735  0.43274057  0.52098697  1.21060799
   0.62872001  0.91198769  0.10985218  1.44342627]
 [ 0.49893108  0.48879358  1.06776502  0.20137651  0.99852768  0.83995028
   0.55860965  0.82474275  0.93377539  1.03587761]
 [ 0.45493161  1.30408836  1.29834907  0.37615746  0.39650531  0.26341733
   0.25027151  0.95802118  1.16523655  0.09321226]]
