[[ 1.03139548  0.94456987  1.10178998 ...,  0.32128346  0.72635982
   1.32485049]
 [ 0.56230926  0.89068051  1.26595574 ...,  0.2354264   0.66881127
   1.32603447]
 [ 0.49679611  0.37874584  0.63042313 ...,  0.55781797  0.91617931
   0.64643828]
 ..., 
 [ 0.91090713  0.38176098  1.3444127  ...,  1.15653384  0.21548158
   0.80596285]
 [ 1.1855982   1.22839504  0.78972643 ...,  0.71342486  0.00669562
   1.31209092]
 [ 0.50089966  0.18338618  0.74303278 ...,  0.88536935  1.23041317
   1.25598365]] [[ 0.00884817 -0.1540837   0.26302034 ..., -0.11192856  0.00884817
  -0.13116809]
 [-0.09859175  0.00529421  0.11808598 ..., -0.10588124 -0.09859175
  -0.06647864]
 [-0.14372167  0.04900708  0.18653261 ..., -0.00581876 -0.14372167
   0.0597278 ]
 ..., 
 [ 0.09870722 -0.10931045 -0.42419389 ...,  0.06546756  0.09870722
  -0.14008179]
 [ 0.04517001 -0.0909458  -0.1321076  ..., -0.05175632  0.04517001
   0.04233686]
 [ 0.08234067 -0.05295194 -0.19992561 ..., -0.11922622  0.08234067
  -0.12561921]] [[ 1.31960678  1.4027084   0.88570131 ...,  0.1425383   1.05248361
   0.67088168]
 [ 1.07860155  0.82711885  0.71915369 ...,  0.95547677  0.40203161
   0.64583267]
 [ 0.20509712  0.43854288  0.81565783 ...,  0.57975554  1.25008934
   0.80825152]
 ..., 
 [ 0.23523551  0.16436694  0.81642738 ...,  1.22121083  1.21607722
   0.74276992]
 [ 1.31960678  1.4027084   0.88570131 ...,  0.1425383   1.05248361
   0.67088168]
 [ 0.89456674  1.39661326  1.11043698 ...,  0.42015009  0.89462474
   1.36705277]]
