[[ 0.49933555  0.47083177  0.55650201 ...,  1.24919248  1.17591129
   0.0871269 ]
 [ 1.39139589  0.35861995  1.15357833 ...,  0.53339454  0.11173509
   1.33645541]
 [ 0.47135102  0.86379292  0.48484323 ...,  1.21832636  0.50029568
   0.60188431]
 ..., 
 [ 0.80928049  1.07032188  0.94335526 ...,  0.62747385  0.8871712
   0.50927949]
 [ 0.05816423  0.60627225  1.06340467 ...,  0.80877167  0.82631879
   0.95328597]
 [ 0.85642268  1.41769583  0.64038768 ...,  1.2258145   0.50460671
   0.1542704 ]] [[-0.03315215  0.17112553  0.05997996 ..., -0.00464408  0.02662363
   0.152579  ]
 [-0.07285498 -0.09149989 -0.09114418 ...,  0.13502629 -0.13254905
   0.08727074]
 [ 0.0731588   0.0028298  -0.03333834 ..., -0.12617043  0.06632843
  -0.13113914]
 ..., 
 [-0.0226037  -0.00988471 -0.05029811 ...,  0.03490883 -0.05260325
   0.11842511]
 [ 0.09893933 -0.11452362 -0.14563047 ...,  0.05236724 -0.02250922
   0.11728955]
 [-0.09838556  0.02874255  0.09605215 ...,  0.06149889 -0.13816819
   0.04865958]] [[ 0.67959878  0.76652559  0.53289548 ...,  0.97417107  0.63647309
   1.22936591]
 [ 0.95713317  1.41384227  1.10991953 ...,  1.3486896   1.06845766
   1.04568331]
 [ 0.12823295  1.18442166  0.36436331 ...,  0.99045315  0.42498331
   0.8383763 ]
 ..., 
 [ 0.54153495  0.37330965  1.22209203 ...,  0.61360867  1.14630395
   0.24324464]
 [ 0.37239988  0.14209668  0.12647011 ...,  0.78372432  0.32060441
   0.67450909]
 [ 1.01540781  0.84795445  0.77173012 ...,  0.0148293   1.16820797
   0.8256864 ]]
