[[ 0.91441777  0.85851792  0.85967251 ...,  1.21385027  0.63526197
   0.36629784]
 [ 0.43799812  0.86050236  0.09634278 ...,  0.61309999  0.32781858
   0.83720276]
 [ 1.33405716  0.1572069   0.60587076 ...,  0.31594046  0.3712928
   0.28201196]
 ..., 
 [ 0.63613447  0.74876865  0.57003606 ...,  1.25404995  0.79404558
   0.724921  ]
 [ 1.35057754  0.62635639  0.853448   ...,  1.24670247  0.68929149
   0.76951728]
 [ 0.15326985  1.12740724  0.87997072 ...,  1.2544163   0.16596483
   0.01604246]] [[ 0.02959128 -0.03955969  0.00050083 ..., -0.00731814 -0.00091362
  -0.00089642]
 [-0.00239641  0.07233585 -0.00231097 ...,  0.00817071  0.02052646
  -0.05219672]
 [-0.07764266 -0.00895597  0.05868567 ...,  0.02146025 -0.00757866
   0.02891506]
 ..., 
 [-0.01467909  0.09070523  0.04896428 ..., -0.03786322  0.00814437
   0.04222993]
 [-0.0381941  -0.02205807  0.05069082 ..., -0.06673269  0.04844005
  -0.01805272]
 [-0.00680362  0.11267998 -0.00466233 ...,  0.06177379 -0.03494071
  -0.0325642 ]] [[ 1.13340029  1.18376338  0.68901903 ...,  0.9314776   0.02554142
   0.54461316]
 [ 1.33947355  1.11921457  0.65717776 ...,  0.62481015  0.384539
   0.11933761]
 [ 1.33592153  1.33064424  0.04449979 ...,  1.14202833  1.16420441
   1.28659321]
 ..., 
 [ 0.28254874  0.15738864  0.09571714 ...,  0.11619649  0.57656571
   0.73973456]
 [ 0.14345129  1.12000386  0.88412903 ...,  0.56432995  0.91315464
   0.69939807]
 [ 0.94743442  0.03855521  0.04701925 ...,  0.07754767  0.68230727
   0.74930928]]
