[[ 0.24417779  0.47817153  1.21893186 ...,  0.73797422  1.0616488
   0.61997723]
 [ 0.1927252   0.71363407  1.07019761 ...,  0.89747384  0.59911581
   1.23251089]
 [ 0.32837981  1.40108018  0.67430214 ...,  0.89476896  0.18049768
   0.44569909]
 ..., 
 [ 0.08957445  0.52099167  1.36467608 ...,  0.47245732  0.02198072
   0.18088713]
 [ 0.46770133  0.12658994  0.71944562 ...,  0.71791384  1.23733346
   1.02241286]
 [ 0.85313279  1.14666362  0.1004544  ...,  0.55412487  0.50813764
   0.10914537]] [[-0.03173927  0.00162352 -0.30095372 ...,  0.33881403  0.28981641
   0.27465392]
 [ 0.00060306  0.09868569 -0.00381328 ..., -0.11888534 -0.09442731
  -0.04373942]
 [-0.03496834  0.05817752  0.09585252 ..., -0.07976677 -0.07284929
  -0.0770531 ]
 ..., 
 [-0.06209034 -0.13803157 -0.15383983 ..., -0.31953673  0.22669753
   0.18939911]
 [ 0.01011274  0.00454929 -0.11911621 ..., -0.17302949 -0.19296039
   0.42938834]
 [ 0.17383152 -0.08425542  0.30048651 ..., -0.09879525 -0.15098572
  -0.00162166]] [[ 0.64942198  0.93619582  0.47049297 ...,  0.83112738  0.58140091
   0.11651776]
 [ 1.23125849  1.129334    0.18508646 ...,  0.451531    0.15300926
   1.13445108]
 [ 0.13807524  1.29377794  0.59110364 ...,  1.0401913   0.66527895
   0.95454448]
 ..., 
 [ 0.33367442  0.4255054   0.39439103 ...,  0.91443891  1.35415669
   0.95717901]
 [ 1.08592132  1.29471557  0.68664645 ...,  0.31103746  0.79339304
   0.13618511]
 [ 0.74474019  0.04668964  1.01851745 ...,  1.13380739  1.36406726
   0.16793077]]
