[[ 0.47662296  1.26510165  1.04382965 ...,  1.13695767  1.13378217
   0.5981027 ]
 [ 0.81071441  1.33850958  0.02118499 ...,  0.91832592  0.20573638
   1.14457034]
 [ 0.07999376  1.19776649  0.81798164 ...,  0.14427197  0.29455225
   1.18989178]
 ..., 
 [ 0.44496375  1.37740484  0.34911392 ...,  0.6758354   0.61640121
   1.29801258]
 [ 0.80065572  0.63831296  0.77949887 ...,  0.28416739  1.34752029
   1.19596833]
 [ 0.20561843  0.18840456  1.34800129 ...,  0.80780118  0.93257887
   1.15383039]] [[-0.03490591  0.00662293  0.06206676 ..., -0.05176463  0.04812045
  -0.02016205]
 [-0.0948213   0.05265893 -0.01941367 ..., -0.16195727  0.0051693
  -0.08988067]
 [-0.07846824 -0.0772172   0.01851575 ..., -0.08120491 -0.03465746
  -0.08213073]
 ..., 
 [ 0.10243865  0.06675165 -0.00998521 ...,  0.05350594 -0.02716138
   0.07721295]
 [ 0.05496025  0.0217155  -0.00227331 ..., -0.00534098 -0.00027377
   0.00441358]
 [-0.03998424 -0.00703583  0.0028612  ...,  0.00474827 -0.01256216
   0.02187187]] [[ 0.55132774  0.11785029  1.31611355 ...,  0.85198809  1.13687508
   1.27256078]
 [ 0.53480513  1.38240142  0.75162943 ...,  0.70103188  0.42765733
   1.40726518]
 [ 0.33071029  1.06168021  0.18022128 ...,  0.52343153  0.102372    0.5684993 ]
 ..., 
 [ 0.31716408  0.90504945  1.39155938 ...,  0.6623543   0.04433999
   1.28260156]
 [ 0.32239504  1.05262016  1.20966339 ...,  1.2509431   1.02208954
   1.08713085]
 [ 0.08092943  0.25749551  0.69572086 ...,  0.58146948  0.45306303
   0.10899359]]
