[[ 0.30886304  0.73311123  0.30886304 ...,  1.10015206  0.57579676
   0.91862279]
 [ 0.98797719  0.34679793  0.98797719 ...,  0.64772924  0.04139747
   0.95959905]
 [ 1.24050402  0.07681527  1.24050402 ...,  0.24399283  0.21380896
   1.02598926]
 ..., 
 [ 0.70623391  0.89097592  0.70623391 ...,  0.184199    0.98304438
   0.94801363]
 [ 1.11822836  1.14806971  1.11822836 ...,  1.35218582  0.31450623
   0.81043079]
 [ 0.0960952   0.15588874  0.0960952  ...,  1.256176    0.42954584
   0.18743548]] [[ 0.00436302  0.01056605 -0.02141099 ...,  0.06411863 -0.00312885
   0.00369914]
 [ 0.0102111   0.01206534 -0.14757735 ..., -0.02596512 -0.11489686
   0.01691637]
 [ 0.00436302  0.01056605 -0.02141099 ...,  0.06411863 -0.00312885
   0.00369914]
 ..., 
 [ 0.0032178  -0.03271011  0.01867853 ..., -0.02056822  0.01748877
   0.00204166]
 [ 0.0182463  -0.03978169 -0.01610203 ..., -0.03089872  0.0066357
   0.0024172 ]
 [ 0.02454022 -0.00711439 -0.0161845  ..., -0.07342766 -0.04595938
  -0.01111963]] [[ 0.01274163  1.00357998  1.05695027 ...,  0.30157891  0.17379205
   1.26288367]
 [ 0.69134783  1.11834145  1.09745539 ...,  0.97639269  0.36639402
   0.71777059]
 [ 0.14975759  0.5829387   1.41403901 ...,  0.28585248  0.00705103
   0.06244528]
 ..., 
 [ 1.29814531  0.75909367  0.39059802 ...,  0.54004745  0.94983909
   0.17716888]
 [ 0.90745486  0.62390806  0.23093094 ...,  0.95873474  1.15918962
   0.35866445]
 [ 0.68525031  1.35056453  0.44212697 ...,  0.07106532  1.09254871
   1.35484967]]
