[[ 0.55455597  0.20693979  0.39176544 ...,  0.74239969  0.82439533
   1.15384123]
 [ 0.70056674  1.10549344  0.31783526 ...,  1.03734981  0.6604929
   1.05902868]
 [ 0.32410567  0.89142591  1.27799    ...,  1.38587055  0.09464991
   1.3570925 ]
 ..., 
 [ 1.45284565  1.14840919  1.01748438 ...,  0.78500991  0.42360771
   0.36430228]
 [ 1.2910784   0.27783099  1.06899344 ...,  1.31847093  0.69269887
   1.11360629]
 [ 0.81474976  0.01125676  1.27781102 ...,  1.20373307  0.07302063
   1.23467577]] [[-0.0788217   0.01086359 -0.00851876 ..., -0.03106839  0.00385922
  -0.03946873]
 [-0.02216927 -0.01073011 -0.0474955  ...,  0.02100541  0.03337442
  -0.0034428 ]
 [-0.00232166 -0.00364316 -0.1044339  ..., -0.04548746  0.03389103
   0.03205376]
 ..., 
 [-0.0477201  -0.16702148  0.02925166 ...,  0.05893777  0.06598225
   0.02987104]
 [ 0.10748815 -0.08902238 -0.0054342  ...,  0.09586243  0.07742596
  -0.02392478]
 [ 0.01894114  0.10487982 -0.16405275 ..., -0.09211758 -0.00085908
  -0.07290293]] [[ 0.66108553  0.67876956  0.8396603  ...,  0.41025499  0.4196329
   0.30280087]
 [ 0.58672484  0.64470063  0.79648777 ...,  1.29487007  1.35084023
   0.04848952]
 [ 0.17935068  1.33391872  1.13954016 ...,  1.06999174  0.48681942
   0.2097932 ]
 ..., 
 [ 0.88207074  1.33733309  1.23864511 ...,  0.75864763  0.04347984
   0.78132747]
 [ 0.95777482  0.99419016  0.18050128 ...,  1.28873258  0.8512532
   0.53253636]
 [ 0.02214071  0.29564307  0.57483908 ...,  0.64417376  1.05127809
   1.38595788]]
