[[ 0.75811592  1.16814681  0.73805367 ...,  0.67916515  0.4455521
   0.74852114]
 [ 1.33887731  0.63072662  1.40598797 ...,  0.44955307  1.3905825
   1.09479529]
 [ 0.57393628  0.24654739  0.52933367 ...,  1.33772489  0.0702965
   0.56750565]
 ..., 
 [ 1.15256836  1.30602558  0.49370917 ...,  0.30981895  0.91354883
   1.01197847]
 [ 0.18337869  1.12240242  0.23771498 ...,  0.41777776  0.57174903
   1.17731066]
 [ 0.83682803  0.01136838  0.71616878 ...,  0.98521426  1.14240988
   1.20230647]] [[ 0.03452508  0.02465842  0.02705961 ...,  0.03791401 -0.02874508
  -0.00841646]
 [ 0.02833814 -0.00624919  0.00752961 ..., -0.07298528  0.00452464
  -0.03331967]
 [ 0.0122168   0.00323311  0.01172291 ..., -0.00666411 -0.00486952
   0.02535839]
 ..., 
 [-0.00529528 -0.02867598  0.01272408 ..., -0.02577111  0.02592887
   0.05775348]
 [ 0.0219366   0.03384283  0.02038289 ...,  0.07901315  0.00557381
  -0.00023873]
 [ 0.01571649  0.02245409  0.02932767 ...,  0.06464912 -0.0007689
  -0.03485046]] [[ 1.26527728  0.98662804  0.39660739 ...,  0.74649066  0.25348093
   0.79966479]
 [ 0.50081902  0.98055592  1.08842462 ...,  0.96000051  1.32032514
   0.42712633]
 [ 1.29987654  0.18437072  0.72496382 ...,  1.2771671   0.87223762
   0.47553007]
 ..., 
 [ 0.18257283  1.38263679  0.73659163 ...,  0.30678096  0.07963322
   1.01124738]
 [ 0.2712184   0.15435322  0.69477565 ...,  0.4109166   0.41473233
   1.17965862]
 [ 0.29871644  0.87326515  0.70950691 ...,  1.36101284  0.99804799
   0.20548726]]
