[[ 0.52984795  1.13956533  0.31397648 ...,  0.22802666  0.41080571
   0.51220601]
 [ 0.32998954  1.32175861  0.38396766 ...,  0.2153645   0.20407841
   0.84459877]
 [ 0.84358032  0.62282606  0.96242164 ...,  1.22791429  0.40106602
   0.02914972]
 ..., 
 [ 0.51804897  0.00192521  0.36901714 ...,  1.11784897  1.29826543
   0.17334344]
 [ 1.14103582  0.76581037  1.16572661 ...,  0.51941015  0.13123211
   1.10838208]
 [ 0.77960155  0.11305215  0.79073964 ...,  0.04688108  0.20065452
   0.49750883]] [[-0.00669159  0.05144435 -0.10968642 ..., -0.03474149 -0.10582476
  -0.10761329]
 [ 0.01999699  0.00284621 -0.02575191 ...,  0.00467096  0.00468835
  -0.04637833]
 [-0.25785999 -0.06342673  0.02567985 ...,  0.05255025 -0.08228726
   0.12875122]
 ..., 
 [-0.00112915  0.01562786  0.00449307 ..., -0.09406092  0.05813487
   0.03014369]
 [-0.03844396 -0.01209329 -0.00461007 ...,  0.01222214 -0.02095855
  -0.00127296]
 [ 0.1022865   0.0105648   0.00881794 ...,  0.02060802  0.00296809
   0.02431114]] [[ 1.20620411  0.63508944  0.46478757 ...,  0.70273086  1.06423184
   0.25641905]
 [ 0.0414158   1.14887039  0.0332559  ...,  0.16145411  0.14807618
   1.05234162]
 [ 1.34547891  0.36170628  0.37601055 ...,  1.14068514  0.55773788
   1.17993981]
 ..., 
 [ 0.00553081  0.12066537  0.81663005 ...,  0.18664022  0.59943178
   0.5779518 ]
 [ 0.09673641  1.34572079  0.01989896 ...,  1.13406093  0.47893108
   0.28913724]
 [ 0.32085641  1.0401924   1.00615863 ...,  0.32702432  1.13067916
   0.0536383 ]]
