[[ 0.02891474  1.16291686  0.32044872 ...,  1.17259225  0.67301602
   1.05938369]
 [ 1.24196368  1.34652789  0.59936893 ...,  0.60070503  0.01067609
   1.31778048]
 [ 0.00901868  0.26850255  0.40355313 ...,  0.82563864  1.07391814
   1.13068948]
 ..., 
 [ 1.28922472  0.26501999  0.67679446 ...,  0.62777607  0.29862631
   1.32108906]
 [ 0.86916481  0.01421708  1.29464265 ...,  0.87760197  1.31277422
   1.00556129]
 [ 0.4158205   1.13511893  1.10185648 ...,  0.46722212  1.40154187
   0.88913662]] [[-0.06650597  0.10039523 -0.00736357 ..., -0.09502984 -0.01542012
  -0.15451124]
 [-0.06490607 -0.0068342   0.02795618 ..., -0.08044946  0.27000691
  -0.11948796]
 [ 0.20570849  0.11209717  0.04190899 ...,  0.19365458  0.04195331
   0.07165157]
 ..., 
 [ 0.07849827 -0.00636637  0.0195209  ...,  0.03955265 -0.13015166
   0.09337495]
 [ 0.04813281 -0.02815977 -0.02069906 ...,  0.06526498  0.00832996
  -0.01811552]
 [-0.01134699  0.13859505  0.02500168 ...,  0.04304865 -0.23057853
   0.05907744]] [[ 0.96141152  0.33768186  1.07324899 ...,  0.12002772  1.20923593
   0.13778555]
 [ 0.25280786  0.72602152  0.83073508 ...,  0.23337252  0.67198468
   0.98987145]
 [ 0.64965608  1.00339437  0.88997491 ...,  1.01301308  0.78957957
   0.87098937]
 ..., 
 [ 0.62357251  0.09793113  0.86833642 ...,  1.14242883  0.37262723
   1.26161226]
 [ 0.54848565  0.33868644  1.17629444 ...,  0.84957689  0.58826515
   1.34029764]
 [ 0.92334085  1.33432479  0.46564288 ...,  0.04683632  0.90853659
   0.17682042]]
