[[ 1.18431042  0.94787485  0.44496693 ...,  0.0851984   0.96825219
   0.10963717]
 [ 0.94473429  0.89989036  0.04317731 ...,  1.36114992  0.74771422
   0.82331459]
 [ 1.16932077  1.10945533  0.34002288 ...,  1.21511139  0.6156447
   1.24024415]
 ..., 
 [ 1.25565176  0.00363777  0.06751354 ...,  0.35154083  1.00566635
   0.06026792]
 [ 0.62301979  0.02413968  0.10797385 ...,  1.022388    0.82265958
   0.14513211]
 [ 1.0974111   0.04356595  0.42001771 ...,  0.44036117  0.04866092
   1.32814689]] [[-0.07814328 -0.03206315  0.0172555  ..., -0.1621597   0.09325547
   0.01880454]
 [-0.02000601 -0.02899549 -0.00946893 ...,  0.09823342  0.14513054
   0.02258766]
 [ 0.08371614 -0.01849055  0.01801985 ..., -0.02232125  0.00734842
   0.10609823]
 ..., 
 [-0.01380602  0.02329566  0.0479288  ...,  0.06254566  0.01680856
   0.01606865]
 [-0.01928215  0.03287853 -0.00456008 ...,  0.02959538 -0.03796042
  -0.03073809]
 [ 0.04370615 -0.0385931  -0.0729698  ..., -0.13910604  0.02908909
   0.07886929]] [[ 1.35895003  0.51310917  0.44030108 ...,  0.75983119  0.91859962
   0.41437771]
 [ 1.12671181  0.15292173  1.09644011 ...,  0.16205938  1.10518884
   1.06269219]
 [ 1.35196113  0.2341717   0.61156206 ...,  0.04499098  1.25297372
   0.9655243 ]
 ..., 
 [ 0.50948553  0.36238629  0.62158882 ...,  0.49859806  1.1817762
   0.50763322]
 [ 0.73783762  1.37309358  1.17130499 ...,  0.80635186  1.25464871
   1.03743345]
 [ 0.41233862  1.0609601   0.01606401 ...,  0.46938859  0.14875624
   0.48749177]]
