[[ 0.05381585  0.74261016  1.23773362 ...,  0.24167638  1.15904241
   0.77006361]
 [ 1.23434816  1.1561937   1.26896206 ...,  0.54455247  0.83731561
   1.22023629]
 [ 0.7318249   0.10954203  1.19757622 ...,  0.7346723   1.31179207
   1.30536963]
 ..., 
 [ 1.43055171  1.05696486  0.94364481 ...,  0.5004233   0.52196665
   0.71103861]
 [ 0.63830066  0.98839596  0.37771495 ...,  0.51996993  0.76072141
   0.00173742]
 [ 1.16464601  1.42361028  0.78865535 ...,  1.32765477  1.2065037
   0.68581399]] [[ 0.05809575 -0.00394055  0.06504968 ..., -0.03025252 -0.12714268
  -0.06797455]
 [-0.08001631  0.06313787 -0.08189772 ..., -0.21150629  0.31638198
   0.08340287]
 [-0.01100752 -0.03584247  0.08664689 ...,  0.09349965 -0.11176851
   0.01459917]
 ..., 
 [-0.00352709 -0.13511165  0.1542207  ...,  0.00277489  0.10516976
  -0.36323667]
 [-0.05795481 -0.10331337 -0.11720722 ...,  0.34808948  0.13801764
  -0.12598446]
 [ 0.02366743  0.20867796 -0.30077063 ..., -0.27978049  0.19106294
   0.00539655]] [[ 1.01126791  0.37821301  1.07187889 ...,  0.41670423  0.64683347
   1.30935541]
 [ 0.5832788   0.77022405  1.23141941 ...,  0.71920327  1.02271098
   0.59470378]
 [ 0.94473599  0.54231918  0.44623938 ...,  0.40114536  1.05312123
   1.22712717]
 ..., 
 [ 0.60204618  0.44860033  0.30580204 ...,  0.88452383  0.8883018
   0.76735045]
 [ 0.58906849  0.29390409  0.54959633 ...,  0.94116382  0.12725468
   0.85782884]
 [ 1.38238206  0.5488879   0.37707449 ...,  1.26267789  0.40497134
   0.12690923]]
