[[ 0.47374841  0.10235998  0.36856866 ...,  0.6428097   0.5281961
   0.11711162]
 [ 1.07877458  0.36544307  1.11233052 ...,  0.00283127  1.08966975
   0.32538772]
 [ 0.89565776  0.7367186   0.71046485 ...,  0.32678502  0.17295213
   0.99125291]
 ..., 
 [ 0.45485601  1.02049471  1.3558271  ...,  0.90653756  1.40430467
   0.67706456]
 [ 0.73713314  0.35272128  0.13486536 ...,  0.38266942  0.38350421
   0.93379087]
 [ 0.96309743  1.34026775  0.07291731 ...,  0.4868651   0.69945333
   0.20440371]] [[  2.54237763e-02  -7.52883258e-02   2.10104034e-02 ...,  -7.92690513e-02
   -1.00489015e-01  -1.29455504e-01]
 [  1.00233132e-01   3.04929644e-01  -7.00480148e-02 ...,   3.10307575e-02
    1.62469850e-01   1.50424350e-01]
 [  1.57079216e-01   1.57089386e-02  -1.01015133e-01 ...,   1.88460906e-02
    1.07320659e-01   9.12794264e-02]
 ..., 
 [  3.36915666e-02   9.92373365e-03   3.07409650e-02 ...,  -2.22503657e-02
   -2.63504955e-02  -6.96096047e-02]
 [  6.28677868e-02  -2.66526424e-04  -7.58166216e-03 ...,   5.36704281e-03
   -7.38926298e-02   4.59523703e-03]
 [  1.80550943e-02   5.80022404e-02   3.67434570e-02 ...,  -2.82448424e-02
   -1.68706171e-01  -4.83308601e-02]] [[ 1.25441688  1.14109439  0.45909567 ...,  1.23019138  0.758637
   1.09362611]
 [ 0.45095328  1.38964409  0.91294446 ...,  0.9327172   0.30414763
   1.32944827]
 [ 0.04506218  1.04807085  0.83320954 ...,  0.9956917   0.38692336
   1.28810676]
 ..., 
 [ 0.04103957  1.07339883  0.65257816 ...,  0.2758707   0.54252239
   0.41852506]
 [ 1.15651213  1.30710962  1.32768238 ...,  0.47901216  0.98700064
   0.90690529]
 [ 0.94721223  0.99874364  0.32225607 ...,  1.20913847  0.06899981
   0.41473043]]
