[[ 0.69485821  0.44514344  0.14903266 ...,  0.07082328  0.69485821
   0.26524062]
 [ 0.52437411  0.54107221  0.23582285 ...,  1.14115158  0.52437411
   0.46038362]
 [ 1.32988795  1.0496544   0.95187604 ...,  0.2399536   1.32988795
   0.01626684]
 ..., 
 [ 0.27092157  0.35940082  0.86066621 ...,  0.8371346   0.27092157
   0.81134574]
 [ 0.5493352   1.37918606  0.50274413 ...,  0.22885682  0.5493352
   0.1760441 ]
 [ 1.09778873  1.27694362  0.76219144 ...,  0.54171924  1.09778873
   1.39458548]] [[-0.00500014  0.03616216 -0.00941033 ...,  0.00809747 -0.09566116
  -0.04958958]
 [-0.05639628  0.11477563 -0.03853292 ..., -0.05624563 -0.51420328
  -0.12547893]
 [ 0.09922666  0.10246142  0.05685819 ...,  0.03877625  0.27956578
   0.15454917]
 ..., 
 [ 0.00767409  0.02101897  0.02484433 ...,  0.05467523 -0.0739254
   0.01390633]
 [-0.00500014  0.03616216 -0.00941033 ...,  0.00809747 -0.09566116
  -0.04958958]
 [ 0.05761418 -0.09784774  0.02845426 ..., -0.01867196  0.39956901
   0.02578729]] [[ 0.36081563  0.63958214  0.7729953  ...,  0.60811233  1.22599169
   0.35744312]
 [ 0.69207894  0.42919733  0.68118037 ...,  1.34208916  0.30525235
   0.25979016]
 [ 1.11163526  0.97940133  0.3085076  ...,  0.62017989  0.02626628
   0.4521365 ]
 ..., 
 [ 0.54006039  0.62495113  1.03027385 ...,  1.09727662  0.41604572
   1.09361062]
 [ 0.28688499  0.66950128  0.9612219  ...,  1.28633961  0.73088483
   0.46198292]
 [ 0.91138075  1.18596707  0.05682549 ...,  0.63524662  0.35556885
   0.11071447]]
