[[ 0.1013485   0.39656105  0.76376771 ...,  1.28308809  0.68750695
   0.72843368]
 [ 1.29667643  0.59401289  1.08775214 ...,  1.26433856  1.26910947
   0.35088037]
 [ 1.21941072  1.02331393  1.18783531 ...,  0.47034155  0.26412071
   0.0501136 ]
 ..., 
 [ 0.54369481  1.41153794  1.28497602 ...,  0.17661797  0.61572539
   0.43427861]
 [ 0.90965184  0.57804783  1.28358674 ...,  0.98008415  0.17190465
   0.96993166]
 [ 1.1379401   0.87149151  1.19516455 ...,  1.0027074   1.34244148
   0.45160046]] [[ 0.07565559  0.12145604  0.01651794 ...,  0.11251622 -0.01468135
   0.01017122]
 [ 0.02392814 -0.09327848  0.03640009 ..., -0.16734941 -0.15462711
   0.08210039]
 [-0.09114428  0.10326038 -0.03898783 ..., -0.05664294  0.0087714
  -0.02198776]
 ..., 
 [-0.02275156 -0.01895535  0.02491779 ..., -0.19609631 -0.15287746
   0.05701565]
 [-0.08908384 -0.11378322  0.03890385 ..., -0.19491674 -0.22357987
  -0.03312775]
 [ 0.07879242 -0.16282309 -0.02004741 ...,  0.23710043  0.08870611
  -0.02417704]] [[ 0.81136033  0.25423492  0.91145448 ...,  1.20116792  0.12175991
   0.53147035]
 [ 0.58908763  1.06694138  0.02180246 ...,  1.04784168  0.06258032
   1.11785093]
 [ 0.25144807  0.86455988  0.58558994 ...,  0.00147189  1.19289314
   0.80029835]
 ..., 
 [ 0.88020758  0.7546188   0.10508971 ...,  1.29153852  1.20919118
   0.92732453]
 [ 0.15306138  0.50187352  0.06382599 ...,  0.35056165  0.29683169
   0.6926506 ]
 [ 1.18997118  1.09543446  0.92186805 ...,  0.04116169  1.19231973
   0.3243638 ]]
