[[ 0.16297006  0.55553773  1.21288144  1.21288144  1.38530214  0.57853237
   1.19079721  0.8419165   1.46120218  0.39736151  1.20081037  0.8419165
   0.39736151  1.19079721  0.8419165 ]
 [ 0.82638527  1.21839301  0.17291209  0.17291209  1.18043945  0.2161101
   1.358608    1.25066353  0.40423701  0.11640817  0.17359584  1.25066353
   0.11640817  1.358608    1.25066353]
 [ 1.29530567  1.29830154  0.24849058  0.24849058  0.01284134  1.02752999
   0.6013811   0.42619635  0.10051563  0.95795584  1.03995744  0.42619635
   0.95795584  0.6013811   0.42619635]
 [ 0.14428332  0.69268571  1.03303343  1.03303343  0.25690774  0.77865684
   1.38657484  0.90727893  0.14871977  0.58821138  0.63990165  0.90727893
   0.58821138  1.38657484  0.90727893]
 [ 0.6737347   0.61477425  0.18884669  0.18884669  1.16886865  1.03399786
   0.10343315  0.22464124  1.48619126  0.72387702  0.53423763  0.22464124
   0.72387702  0.10343315  0.22464124]
 [ 1.12213154  0.0110289   0.96974352  0.96974352  0.64841039  0.48008753
   0.55374745  1.1676705   1.10943063  0.96324251  1.36960631  1.1676705
   0.96324251  0.55374745  1.1676705 ]
 [ 0.30191127  0.24978802  0.03747351  0.03747351  1.34681937  0.97132968
   0.87280674  1.14803275  0.70557406  1.0575508   0.01512302  1.14803275
   1.0575508   0.87280674  1.14803275]
 [ 0.98347674  1.04559532  0.17402097  0.17402097  0.0870257   0.25181763
   0.01578195  1.08687987  0.02517258  0.61219475  1.1739754   1.08687987
   0.61219475  0.01578195  1.08687987]
 [ 0.24207487  0.41803289  0.06068421  0.06068421  1.32216794  1.29275306
   0.45844355  0.37172707  0.35620823  0.77960666  0.90875272  0.37172707
   0.77960666  0.45844355  0.37172707]
 [ 0.93936379  1.33921706  1.4785316   1.4785316   0.78612     1.10842842
   1.22333988  0.41356915  0.69437548  1.18041538  0.22672666  0.41356915
   1.18041538  1.22333988  0.41356915]
 [ 0.27621877  0.38065939  0.58877063  0.58877063  0.55331114  1.09622801
   0.35810531  0.74959574  0.36200062  0.45984833  0.02188796  0.74959574
   0.45984833  0.35810531  0.74959574]
 [ 0.90464866  0.46955505  0.32740446  0.32740446  0.56291741  1.01761803
   1.02156643  0.70263018  0.78270348  0.34170204  0.24558726  0.70263018
   0.34170204  1.02156643  0.70263018]
 [ 1.32515989  0.61895121  1.2437226   1.2437226   1.03365311  1.20225402
   1.20599772  1.21297762  1.01334178  1.13463333  1.19383188  1.21297762
   1.13463333  1.20599772  1.21297762]
 [ 1.23976331  0.06732576  0.95933762  0.95933762  0.9994772   0.82143554
   0.79543826  0.41084756  0.52752891  1.09128745  0.51899454  0.41084756
   1.09128745  0.79543826  0.41084756]
 [ 0.12546954  0.90251233  0.51503414  0.51503414  1.34097275  0.25779752
   1.0927141   1.03047275  1.07768925  1.13502507  0.24157911  1.03047275
   1.13502507  1.0927141   1.03047275]
 [ 0.43797225  0.42657955  0.16858712  0.16858712  0.48954974  0.60588848
   0.08101776  0.55612176  1.17079677  0.10865675  1.18142142  0.55612176
   0.10865675  0.08101776  0.55612176]
 [ 0.26862096  0.37950128  1.48025344  1.48025344  0.47512614  0.68380238
   0.54613807  0.81074039  1.10300078  0.54723438  0.52297002  0.81074039
   0.54723438  0.54613807  0.81074039]
 [ 0.20863865  1.03280981  1.20508302  1.20508302  1.23019796  0.26863953
   1.03732316  0.18524428  0.59636442  0.93122212  0.86278126  0.18524428
   0.93122212  1.03732316  0.18524428]
 [ 1.09152378  0.15539565  0.79256534  0.79256534  0.62278812  0.75606831
   0.57222784  0.43316765  0.268325    0.53094972  0.16382341  0.43316765
   0.53094972  0.57222784  0.43316765]
 [ 1.13673931  1.29512353  0.11080101  0.11080101  1.00020789  1.29203477
   0.74140893  0.1383816   1.00432883  0.88753421  0.32486997  0.1383816
   0.88753421  0.74140893  0.1383816 ]
 [ 1.11822189  0.05582256  0.9082341   0.9082341   0.81749926  0.38929651
   1.14087146  1.20956634  1.29144478  1.00212139  0.21650909  1.20956634
   1.00212139  1.14087146  1.20956634]
 [ 1.18241745  1.42986955  1.50476977  1.50476977  1.01843915  0.88348291
   1.15344775  1.12034018  0.83561032  1.16514927  1.4668759   1.12034018
   1.16514927  1.15344775  1.12034018]
 [ 0.88464893  0.73488265  1.14450935  1.14450935  0.41069651  0.28060909
   1.16129616  0.85154917  0.08721999  0.60673918  0.61418869  0.85154917
   0.60673918  1.16129616  0.85154917]
 [ 1.234801    1.39220994  0.25976699  0.25976699  0.56626091  0.63017406
   1.04883947  0.14505921  0.41238474  1.1794676   0.67988021  0.14505921
   1.1794676   1.04883947  0.14505921]
 [ 0.55535675  0.78117057  0.33300177  0.33300177  0.38191174  1.13596017
   0.0713208   0.1764572   0.56309642  0.39538284  1.59296205  0.1764572
   0.39538284  0.0713208   0.1764572 ]
 [ 0.54345059  1.21138663  0.92550464  0.92550464  0.98434473  1.04739172
   0.17660234  1.26889136  1.04193268  0.95853431  0.04677493  1.26889136
   0.95853431  0.17660234  1.26889136]
 [ 0.85715598  1.01577122  0.88230232  0.88230232  0.14771056  1.14558844
   0.49034109  0.97599142  0.32284091  1.09481908  1.07763428  0.97599142
   1.09481908  0.49034109  0.97599142]
 [ 0.68091625  0.76603321  0.08831066  0.08831066  0.10718318  0.88613847
   0.94116967  1.24970099  0.50132199  0.95332082  0.50328418  1.24970099
   0.95332082  0.94116967  1.24970099]
 [ 1.07644557  1.01975982  1.297757    1.297757    0.88542533  0.28440138
   0.28498755  0.06540652  1.48912029  0.024001    1.57016474  0.06540652
   0.024001    0.28498755  0.06540652]
 [ 0.62299066  0.18887464  0.43549617  0.43549617  0.29058266  0.79026484
   0.22452626  1.15342064  0.88812727  1.17966038  0.47168737  1.15342064
   1.17966038  0.22452626  1.15342064]] [[  4.31612663e-01  -6.02837907e-02  -3.24558927e-01  -3.70707925e-01
   -1.08095188e-03  -4.20730420e-01   1.80147089e-01   9.40512366e-02
   -4.13447715e-01  -3.26426249e-01   5.15591019e-01  -6.02837907e-02
    8.25551635e-01  -1.08095188e-03   1.80147089e-01]
 [  3.16618481e-01  -5.45546614e-01  -4.18430665e-01  -6.73487217e-01
   -4.37471378e-02  -3.23574926e-01   6.85081543e-01  -2.11045375e-01
    7.61971118e-01   2.12726744e-01   9.77457076e-01  -5.45546614e-01
   -1.13096446e+00  -4.37471378e-02   6.85081543e-01]
 [ -4.93900050e-01   1.52556256e-02   4.85002152e-02   7.24698058e-02
    1.89322187e-01   2.11395484e-01  -2.26431824e-01  -1.13044955e-02
    2.76143330e-01   2.70716133e-01  -3.40413579e-01   1.52556256e-02
    2.20894295e-01   1.89322187e-01  -2.26431824e-01]
 [ -4.93900050e-01   1.52556256e-02   4.85002152e-02   7.24698058e-02
    1.89322187e-01   2.11395484e-01  -2.26431824e-01  -1.13044955e-02
    2.76143330e-01   2.70716133e-01  -3.40413579e-01   1.52556256e-02
    2.20894295e-01   1.89322187e-01  -2.26431824e-01]
 [  1.66264657e+00  -6.43952360e-01   7.15187920e-02  -8.94872151e-01
   -4.33680933e-01  -2.56222247e-01   5.04714221e-01  -3.26826687e-01
   -5.14834428e-01  -1.92825513e-01   1.21693636e+00  -6.43952360e-01
    1.88808597e-01  -4.33680933e-01   5.04714221e-01]
 [ -1.00317847e+00  -3.00417860e-03   6.58145521e-01   4.00417784e-01
    2.06132419e-01  -3.09455556e-01   7.64464646e-02  -3.16005206e-01
    9.11594845e-01   1.84011614e-01  -5.71266380e-01  -3.00417860e-03
    3.41543833e-04   2.06132419e-01   7.64464646e-02]
 [  5.26025990e-01  -1.70271169e-02  -2.27340082e-01  -2.42580680e-01
   -1.11953639e-01  -1.48234457e-01   1.91797831e-01   1.84919974e-02
    1.72090274e-01  -3.64556342e-01   1.12143929e-01  -1.70271169e-02
   -2.30820418e-02  -1.11953639e-01   1.91797831e-01]
 [  3.24425519e-01  -2.26866883e-02  -9.78846170e-02  -1.26067331e-01
   -9.03296967e-02  -1.48463196e-01   4.53654167e-02  -1.25839980e-01
   -2.99042663e-02   3.93564976e-02   3.00695600e-01  -2.26866883e-02
    1.99974175e-02  -9.03296967e-02   4.53654167e-02]
 [ -1.91721732e-01   5.32833404e-01  -3.46481216e-01   7.64185691e-01
    1.82770552e-01   2.48936067e-01  -1.99410117e-01   2.10310375e-01
   -6.47950784e-01   2.51961000e-01  -1.07877659e+00   5.32833404e-01
   -1.64403614e-01   1.82770552e-01  -1.99410117e-01]
 [ -7.01532394e-01   3.72572533e-01   2.17535319e-01   4.59693991e-01
    5.98674158e-02   6.24994540e-01  -4.36721247e-01   4.10298361e-01
   -4.18195393e-01   2.23281486e-01  -6.49337806e-01   3.72572533e-01
    1.44305325e-01   5.98674158e-02  -4.36721247e-01]
 [ -5.57523013e-01   1.66672445e-01   6.47557001e-01   6.01003788e-01
    2.41167381e-01   2.69037641e-01  -3.93011619e-01   1.74405367e-01
    1.23722662e-01  -3.95706443e-01  -4.10060847e-02   1.66672445e-01
   -1.97675499e-01   2.41167381e-01  -3.93011619e-01]
 [  3.24425519e-01  -2.26866883e-02  -9.78846170e-02  -1.26067331e-01
   -9.03296967e-02  -1.48463196e-01   4.53654167e-02  -1.25839980e-01
   -2.99042663e-02   3.93564976e-02   3.00695600e-01  -2.26866883e-02
    1.99974175e-02  -9.03296967e-02   4.53654167e-02]
 [ -7.01532394e-01   3.72572533e-01   2.17535319e-01   4.59693991e-01
    5.98674158e-02   6.24994540e-01  -4.36721247e-01   4.10298361e-01
   -4.18195393e-01   2.23281486e-01  -6.49337806e-01   3.72572533e-01
    1.44305325e-01   5.98674158e-02  -4.36721247e-01]
 [  5.26025990e-01  -1.70271169e-02  -2.27340082e-01  -2.42580680e-01
   -1.11953639e-01  -1.48234457e-01   1.91797831e-01   1.84919974e-02
    1.72090274e-01  -3.64556342e-01   1.12143929e-01  -1.70271169e-02
   -2.30820418e-02  -1.11953639e-01   1.91797831e-01]
 [  3.24425519e-01  -2.26866883e-02  -9.78846170e-02  -1.26067331e-01
   -9.03296967e-02  -1.48463196e-01   4.53654167e-02  -1.25839980e-01
   -2.99042663e-02   3.93564976e-02   3.00695600e-01  -2.26866883e-02
    1.99974175e-02  -9.03296967e-02   4.53654167e-02]] [[ 0.58625985  1.2721462   1.27191016  0.44193999  1.10985839  0.2076447
   1.28314928  0.74172392  1.08951116  0.92179982  1.04575434  1.2785915
   0.97013057  0.46676948  0.72153316  1.04894141  1.08995644  0.34360663
   0.05252363  0.55231194  0.8730309   0.4382851   1.24536243  0.2861701
   1.29425025  0.15846002  0.10957252  0.51930232  0.55781266  0.36648033]
 [ 0.96557263  0.51108735  1.25112603  1.14008559  1.09886038  1.09862045
   0.47337411  1.09544665  0.92593963  0.38301877  0.08187387  0.68514788
   0.43720982  0.6920817   0.83046831  0.1511805   1.36234289  0.34024165
   1.41413677  0.60296069  1.39343777  0.90351673  0.10360931  1.13076287
   0.05481144  0.71191223  0.53944861  1.13296823  0.32546706  0.29518541]
 [ 1.57549996  0.12209143  1.15221516  1.04278165  0.10717635  0.62276773
   0.37619339  0.17048544  0.50445226  0.78583918  0.0629256   1.37072314
   0.8829616   0.42241534  1.29965677  0.29408614  0.69222622  0.69232222
   0.34413448  0.28852129  0.46358046  0.60816016  1.42948043  0.31145596
   1.14713883  0.28307526  0.45230565  1.42861234  1.16603489  1.25018072]
 [ 0.72075555  0.95518932  0.13399558  0.14186231  1.02450979  0.72740847
   1.20692754  1.52775885  0.08701757  0.02141941  0.17063516  1.52046909
   1.12045239  0.42074769  1.43401101  0.71332003  0.47428036  0.99608023
   0.02939668  0.23630058  0.67696044  0.11394983  0.51663151  0.72306668
   1.05088858  0.49990938  1.18971545  0.4160862   1.46974308  0.77213602]
 [ 0.29208161  1.06980514  0.09730759  0.02705309  0.12614514  0.15715514
   1.32527705  1.33141831  0.264259    0.42945514  1.13400436  0.27641928
   1.2856152   0.868354    1.31583843  0.80051745  0.49979141  0.21168213
   1.31698765  0.91691936  0.06873717  0.92061645  0.80670216  0.88856125
   0.75108077  1.06075228  1.00955809  0.3974471   1.09518183  0.99315925]
 [ 0.27964762  0.98121629  0.66638036  1.06392133  0.87691146  0.09027908
   0.53796909  0.33545819  0.97495971  0.83261488  1.0673504   1.05521386
   0.71603653  0.89143148  0.49379638  1.24380031  0.95023183  0.03007371
   0.92736701  1.03016756  0.19732591  1.22528674  1.13606971  0.89746009
   1.29952215  0.20839407  0.02967239  1.10384629  0.54204949  0.96043033]
 [ 1.37353061  0.07542236  0.39459621  1.03553377  0.21309107  1.36865618
   0.92521882  0.03080664  0.71162851  1.13461288  0.10022053  1.21384245
   0.27533853  1.14156788  0.9268694   1.22426687  0.26561618  0.40359133
   1.16597217  0.9747508   0.15053608  0.69473544  0.94328556  0.38615733
   1.01224232  1.15950977  0.70165265  0.11675296  0.0066569   1.24402744]
 [ 0.66207101  1.03114977  0.38672943  1.36001937  1.19557529  0.08055902
   0.37544906  0.3329317   0.99491154  0.15904456  0.23220783  1.01519828
   0.56946853  1.21276091  0.7203021   1.22871852  1.25965348  0.64994742
   1.32632777  1.08739837  0.15595075  0.72831385  0.52777572  0.52590021
   0.57246564  1.24477375  0.03696918  0.64601542  1.00015415  0.97536802]
 [ 0.89081864  1.32031976  0.38276541  0.73856995  0.44514748  0.06046174
   0.14744033  0.71821348  1.43224691  1.25120365  1.00555634  0.63436896
   0.58364624  0.65706121  0.29104685  0.46600195  0.81607616  1.36926405
   0.18895724  0.49959974  1.06214088  1.41381922  0.26074089  1.32566476
   0.88291445  0.15838306  0.55819076  0.1016923   0.8408494   1.31721752]
 [ 1.23105707  1.18703639  0.35879826  1.23649321  0.35567609  0.91882142
   1.06123875  1.07522854  0.18741178  0.15221033  0.92554277  0.07933659
   0.0438304   1.18053328  0.73436369  1.22374918  0.84242299  0.09996555
   0.15203402  0.61605559  1.52613025  1.31961503  1.02637258  0.92451214
   0.23064691  0.61288432  0.90024949  0.57536784  0.70578943  0.24839252]
 [ 0.25315345  1.14855318  1.25185663  0.67546422  0.67801165  0.60548124
   0.02192956  0.92966474  0.01432484  1.07094497  0.14884977  0.60548139
   0.94091414  0.87154088  1.03689145  0.68284212  1.29982456  1.1942737
   0.71651372  0.9929782   1.11809158  0.57872453  0.07761292  0.70883774
   1.10841624  0.94866137  1.28437115  0.7634809   0.14813247  0.71297586]
 [ 0.96557263  0.51108735  1.25112603  1.14008559  1.09886038  1.09862045
   0.47337411  1.09544665  0.92593963  0.38301877  0.08187387  0.68514788
   0.43720982  0.6920817   0.83046831  0.1511805   1.36234289  0.34024165
   1.41413677  0.60296069  1.39343777  0.90351673  0.10360931  1.13076287
   0.05481144  0.71191223  0.53944861  1.13296823  0.32546706  0.29518541]
 [ 0.9382689   0.7510157   0.88762058  0.7231605   1.01081856  0.63295947
   0.28855713  1.1751448   0.64116035  1.47584032  0.83685497  0.25603301
   0.16208227  0.15989377  0.94164881  0.28297377  0.00802241  1.41909179
   0.58437446  1.33858681  0.55007309  1.12617507  0.68563878  0.32459756
   1.60842377  1.29971724  0.11347039  0.28330343  0.78872188  0.34568356]
 [ 0.29208161  1.06980514  0.09730759  0.02705309  0.12614514  0.15715514
   1.32527705  1.33141831  0.264259    0.42945514  1.13400436  0.27641928
   1.2856152   0.868354    1.31583843  0.80051745  0.49979141  0.21168213
   1.31698765  0.91691936  0.06873717  0.92061645  0.80670216  0.88856125
   0.75108077  1.06075228  1.00955809  0.3974471   1.09518183  0.99315925]
 [ 1.37353061  0.07542236  0.39459621  1.03553377  0.21309107  1.36865618
   0.92521882  0.03080664  0.71162851  1.13461288  0.10022053  1.21384245
   0.27533853  1.14156788  0.9268694   1.22426687  0.26561618  0.40359133
   1.16597217  0.9747508   0.15053608  0.69473544  0.94328556  0.38615733
   1.01224232  1.15950977  0.70165265  0.11675296  0.0066569   1.24402744]]
