[[ 0.10945712  0.33245166  1.34825901 ...,  1.40998478  0.49605934
   0.96490648]
 [ 1.14927437  0.41019862  0.1836757  ...,  0.34195717  0.04508141
   1.34783649]
 [ 1.07796734  1.49756226  0.51366223 ...,  0.99982628  0.35857857
   0.5660572 ]
 ..., 
 [ 0.83150888  0.96900734  0.01890778 ...,  0.63674332  0.75257295
   0.44942584]
 [ 1.07192691  0.09766935  0.00693665 ...,  0.498958    0.69979917
   0.46605193]
 [ 0.77235842  0.13900282  0.0359099  ...,  0.80280037  1.37861437
   1.05277334]] [[-0.11472458 -0.00601086  0.12019987 ..., -0.13380265 -0.03996928
  -0.05650697]
 [-1.264587    0.20213391  0.6689835  ..., -1.07345343 -0.64509944
  -0.01481732]
 [ 2.67535055 -0.48206887 -1.21339116 ...,  2.13971193  1.30942818
   0.12383052]
 ..., 
 [ 1.16304083 -0.23008889 -0.56880334 ...,  0.72554408  0.51235195
   0.20125574]
 [-0.28551071  0.02305242  0.17549104 ..., -0.15109526 -0.04829857
  -0.04028788]
 [-2.24711508  0.41940534  1.12867972 ..., -1.74904839 -1.22733334
  -0.1175028 ]] [[ 1.2995746   0.07797572  0.11348064 ...,  0.20511226  1.25436975
   0.58162816]
 [ 0.30395062  0.88435181  1.21712537 ...,  0.19931149  0.59636125
   0.0941934 ]
 [ 1.1100222   0.4658894   0.33921205 ...,  0.18737487  0.96435197
   0.14899114]
 ..., 
 [ 0.08373948  0.34103048  0.13853578 ...,  0.2139698   1.28958     0.94468495]
 [ 0.16458419  1.39456872  0.38811351 ...,  1.12316459  1.21128615
   1.18183823]
 [ 0.35613324  0.41842072  1.10889624 ...,  0.8955729   0.51471351
   0.36527442]]
