[[ 0.6354541   1.41484025  0.60725418 ...,  1.28537981  0.93602064
   1.21090539]
 [ 0.10167601  0.4750847   0.09231871 ...,  0.26987267  0.02068958
   1.18664359]
 [ 1.07057746  0.45060978  1.34390705 ...,  1.06285114  0.18867977
   0.89320123]
 ..., 
 [ 0.67503384  0.55535513  0.31152917 ...,  0.00846726  0.9236489   1.349201  ]
 [ 0.28779824  1.09407189  0.33208461 ...,  0.67736286  0.04555322
   0.34305224]
 [ 0.64709078  0.31336911  0.96773894 ...,  0.41652538  1.42399997
   0.54906036]] [[ 0.04127391 -0.00348658 -0.05877978 ...,  0.02269247 -0.00613915
  -0.00156368]
 [ 0.03112237 -0.02571863 -0.00022441 ..., -0.01993016 -0.02484319
   0.01244988]
 [-0.09607282  0.00813722  0.10724698 ..., -0.06936948  0.02614103
   0.0076446 ]
 ..., 
 [-0.02933919  0.09103401  0.20873569 ...,  0.02869391  0.07426404
   0.12255753]
 [ 0.13309879 -0.07952156 -0.14053097 ..., -0.04367579 -0.07594736
   0.00998743]
 [ 0.03496022  0.02896017  0.18472008 ..., -0.08471772  0.01204611
   0.03079291]] [[  1.11108908e-03   3.83720319e-01   8.22171489e-01 ...,   1.27574617e+00
    2.39527880e-01   9.69775599e-02]
 [  1.33487763e+00   1.03581980e+00   2.42216572e-01 ...,   3.84519540e-01
    8.75672498e-02   9.65393141e-01]
 [  3.59480718e-01   2.78882909e-01   7.99283171e-01 ...,   2.97445474e-01
    3.24568830e-01   1.24975876e+00]
 ..., 
 [  5.99771991e-01   8.84361784e-01   5.14544057e-01 ...,   1.07102706e+00
    1.06659517e+00   2.74168487e-01]
 [  6.73069529e-01   1.22870125e+00   4.15658381e-01 ...,   9.96617865e-01
    1.19122896e+00   1.13815116e+00]
 [  1.32188332e+00   6.41364881e-01   1.30249811e+00 ...,   1.18776465e+00
    1.06450290e+00   1.37480084e+00]]
