[[ 0.88594915  0.8891618   1.21445582 ...,  0.76296303  0.13928434
   0.1710418 ]
 [ 0.33280435  0.15160466  0.43764838 ...,  1.1190129   0.28965675
   0.26945174]
 [ 0.03402873  1.18144317  0.39047777 ...,  0.42165866  1.38138334
   0.827043  ]
 ..., 
 [ 0.37141014  1.30355334  1.36218918 ...,  1.13171502  1.04109311
   1.05130448]
 [ 0.14200222  0.79726556  0.92841204 ...,  0.98255096  1.0517165
   1.27742949]
 [ 0.02353466  0.62161737  1.1232993  ...,  0.71098048  0.38609068
   1.2426521 ]] [[ 0.11030991 -0.01136253 -0.01083925 ..., -0.00277988 -0.23161969
  -0.17172874]
 [ 0.03906875  0.14145311  0.01757968 ...,  0.025086    0.03070034
   0.08227335]
 [ 0.07949573 -0.07667715 -0.06077604 ...,  0.13715502  0.07322758
  -0.26202996]
 ..., 
 [ 0.00354263  0.09667824  0.02672308 ...,  0.15054946  0.02713439
  -0.12911462]
 [ 0.0909784   0.07856096  0.02287476 ...,  0.10055446 -0.17952209
  -0.11560409]
 [-0.01054367 -0.03619718 -0.02009593 ...,  0.00795371 -0.03421637  0.01369   ]] [[  4.47089698e-01   1.14310097e+00   8.34481673e-02 ...,   1.31060018e+00
    4.06143148e-01   1.00670984e+00]
 [  1.22952859e+00   4.39610924e-01   7.53367290e-01 ...,   2.08396200e-01
    2.22279547e-01   1.28315575e+00]
 [  1.14959605e+00   6.03183755e-01   7.64237592e-02 ...,   7.24586201e-01
    1.17724796e+00   8.16368370e-01]
 ..., 
 [  1.35869234e-03   8.08587050e-01   1.20460236e+00 ...,   3.32951610e-01
    1.40823530e+00   4.75651759e-01]
 [  6.68499216e-01   1.07807731e+00   1.08191117e+00 ...,   9.70100304e-01
    6.02906520e-01   4.58300935e-01]
 [  3.68735826e-01   5.25553350e-01   5.61615737e-01 ...,   1.19547295e+00
    1.13046530e+00   3.59254404e-01]]
