[[ 0.1081731   1.08925144  0.05458897 ...,  0.1706111   0.56642577
   1.35732564]
 [ 0.82054012  0.71988239  0.0745095  ...,  0.25106656  0.79362523
   0.94616142]
 [ 0.71270641  0.96748999  0.13499236 ...,  0.22153203  1.1087266
   0.8109175 ]
 ..., 
 [ 0.9768718   1.09300184  0.64045328 ...,  0.96553969  1.40690164
   0.89103132]
 [ 0.70532427  1.40668397  0.53942713 ...,  0.3678961   0.70007925
   0.63283992]
 [ 0.94614926  0.69377673  0.69284398 ...,  0.85172049  1.26908788
   1.1918472 ]] [[-0.00479413  0.01383119 -0.07621188 ...,  0.02615593 -0.02651756
  -0.00239664]
 [-0.00145859  0.01305016 -0.03989082 ...,  0.00052275  0.01192483
   0.00654625]
 [-0.01105739  0.04804291 -0.07398868 ...,  0.03431156 -0.02087137
  -0.01435096]
 ..., 
 [-0.00368721  0.01287771 -0.05616871 ...,  0.04787682 -0.00494897  0.00906   ]
 [-0.05295293  0.03443544 -0.08715903 ...,  0.01420563  0.0202081
  -0.05514188]
 [-0.00896403  0.00486844 -0.15896516 ...,  0.05884613  0.00427156
   0.02977213]] [[ 1.01062086  1.0042767   0.90854388 ...,  0.57521603  1.16033534
   1.21380226]
 [ 1.35782449  0.80898251  0.42988934 ...,  0.07600257  0.79835271
   0.4415646 ]
 [ 0.31054231  0.12439158  1.19267666 ...,  0.54473535  0.85813128
   0.71452794]
 ..., 
 [ 0.99655125  0.00692689  0.67833422 ...,  0.24874139  0.89685641
   0.13096467]
 [ 0.75296878  0.95014104  0.61152688 ...,  1.15035426  0.64352256
   0.48256676]
 [ 0.20568962  0.19072584  0.31550265 ...,  1.27249853  0.65571911
   0.50084637]]
