[[ 0.28969051  1.00995752  0.32755395 ...,  0.08722454  1.25489732
   0.72772371]
 [ 0.18280636  0.31185008  1.02497894 ...,  0.39698459  1.40935146
   0.08293502]
 [ 1.28294072  0.32464207  1.17398711 ...,  1.35465658  0.82426499
   0.22219093]
 ..., 
 [ 1.05482641  0.1651438   0.20891564 ...,  0.92236539  0.97720356
   0.15239902]
 [ 0.62399769  1.38973633  1.00003272 ...,  0.04603587  0.97121537
   0.17822094]
 [ 1.17322729  0.61255392  0.90021052 ...,  0.92764998  0.82661605
   1.19500456]] [[-0.01842416  0.0441718  -0.02364135 ...,  0.0103059   0.02354488
  -0.0541803 ]
 [-0.06441062 -0.03189695 -0.00777334 ..., -0.07846896  0.00795268
   0.10400988]
 [-0.03244064 -0.02870453 -0.01430266 ..., -0.00278777 -0.00340453
   0.02956036]
 ..., 
 [ 0.00591835 -0.01269466  0.01418639 ...,  0.00013513  0.01889985
  -0.01272687]
 [ 0.0096661  -0.04716543  0.00689876 ...,  0.04479715 -0.03407798
   0.01462565]
 [ 0.0206679  -0.00330952 -0.00242352 ...,  0.0169058  -0.01564023
   0.0280813 ]] [[ 1.0623008   0.62149472  1.32928489 ...,  1.07687465  1.1670915
   0.90996104]
 [ 1.12762654  1.22619503  1.41502752 ...,  1.24007161  0.04416413
   0.42717188]
 [ 1.17042964  0.37554158  0.40334236 ...,  0.67696174  1.40336521
   0.0136567 ]
 ..., 
 [ 1.16271583  0.61766588  0.72214358 ...,  0.68667138  1.11421542
   0.685774  ]
 [ 0.32054168  0.56172216  1.28732593 ...,  0.87049316  0.66720411
   0.79647164]
 [ 1.31244173  1.00296102  0.74127945 ...,  0.45473728  1.41898474
   0.82667302]]
