[[ 1.29954813  0.69391093  1.02226051 ...,  1.08668068  0.10560848
   0.34028549]
 [ 0.53371109  1.32509491  0.98337876 ...,  1.02988777  0.57753001
   0.9299307 ]
 [ 0.363516    1.39796038  0.89821883 ...,  0.8054044   1.19550847
   0.15451267]
 ..., 
 [ 0.19509962  1.00114501  0.64364095 ...,  0.33843179  1.0330101
   0.63606542]
 [ 0.35284449  1.37405643  1.30396396 ...,  0.27242807  0.92548919
   0.1182702 ]
 [ 1.32961862  0.39151317  0.87370099 ...,  0.33531305  0.92619504
   0.4528776 ]] [[-0.00331301  0.04211649 -0.09918409 ...,  0.04463562  0.02781473
  -0.00598123]
 [-0.02264902  0.17034203 -0.0489591  ..., -0.0538935   0.06753367
   0.06987269]
 [ 0.01363385 -0.19253215  0.12831273 ...,  0.06105191 -0.07338949
  -0.03414354]
 ..., 
 [-0.01912247  0.16380993 -0.00348621 ...,  0.03590866  0.05337717
   0.00575223]
 [-0.00261734  0.07484929 -0.003211   ...,  0.01123548  0.02519226
   0.03383753]
 [ 0.00213434  0.01756144  0.02772695 ..., -0.0289817  -0.00442642
   0.0702761 ]] [[ 0.97551209  1.02055388  1.00864605 ...,  0.04411335  0.62531928
   1.31630031]
 [ 0.32042046  0.6567411   0.84793547 ...,  1.12793174  1.26436998
   0.03258802]
 [ 1.2537136   0.5813762   1.36570513 ...,  1.11446244  0.25980998
   1.36819251]
 ..., 
 [ 0.6540661   0.96173005  0.65760227 ...,  0.00313721  0.81802427
   1.2454382 ]
 [ 1.16732625  0.36219499  0.99804198 ...,  0.88165905  0.93961464
   0.50561852]
 [ 0.03366837  0.27099907  1.21002098 ...,  0.01638959  0.71500858
   0.87382923]]
