[[ 0.14110985  0.81268628  0.49636691 ...,  0.0436569   0.46798512
   0.95895599]
 [ 0.426214    1.39455945  0.75344351 ...,  0.70567551  0.20498958
   0.19190419]
 [ 0.63336565  1.30139991  1.27856995 ...,  0.96807747  0.10442528
   0.12221043]
 ..., 
 [ 0.923408    0.42580724  1.37178782 ...,  0.39500619  0.57486353
   0.49613542]
 [ 0.30807695  0.58321757  0.76303171 ...,  0.69731376  0.24235925
   0.54968287]
 [ 0.01610171  0.62482405  0.58383314 ...,  0.50954496  0.6056575
   0.3173179 ]] [[ 0.06838989  0.06614103 -0.07320566 ..., -0.07779416  0.04648255
  -0.1631443 ]
 [ 0.16663524 -0.0157308   0.31980075 ..., -0.18071035 -0.28762965
   0.33496316]
 [-0.15443431  0.05166306 -0.14971665 ...,  0.07931715  0.42989394
  -0.39606361]
 ..., 
 [-0.23744779 -0.05656633 -0.00797318 ...,  0.13280519  0.19643601
  -0.06319468]
 [-0.07579516  0.04212398 -0.21040268 ...,  0.18221455  0.03734835
   0.0247751 ]
 [ 0.25773691 -0.16319626  0.59854342 ..., -0.29566611 -0.57905414
   0.6214707 ]] [[ 1.03317244  1.3721914   0.66948564 ...,  0.82688174  1.3117814
   1.29885936]
 [ 1.34353666  0.27354248  1.10315018 ...,  0.27675804  0.97282618
   0.01441812]
 [ 1.36912171  0.80381077  1.13025518 ...,  0.33144146  0.0376625
   0.22186237]
 ..., 
 [ 0.26418235  1.40786548  1.06129017 ...,  0.21699768  0.56828352
   0.92628984]
 [ 0.21686887  1.36922354  1.22003562 ...,  1.26303973  1.12677283
   1.2235226 ]
 [ 0.99597811  0.46807271  0.01104743 ...,  0.79396021  1.09704165
   0.88006288]]
