[[ 0.47745843  1.32864097  0.8620311  ...,  0.51581651  0.35704373
   0.80572914]
 [ 1.14792229  0.80883821  0.53893992 ...,  1.38111366  1.05844803
   1.31148867]
 [ 0.03111773  1.33593055  0.17785735 ...,  0.03984159  1.05000114
   0.20231555]
 ..., 
 [ 0.35100292  0.32785845  0.58848639 ...,  0.52601191  0.89205433
   0.81958416]
 [ 0.02581632  1.0196715   1.18629707 ...,  0.74076607  1.01470795
   0.35691777]
 [ 0.75267176  0.4177662   0.1520788  ...,  1.26261228  0.81837006
   1.018896  ]] [[ 0.01918623  0.00228242 -0.02438709 ..., -0.00025736 -0.00116877
  -0.01079288]
 [ 0.02044238 -0.02342533 -0.00678193 ...,  0.08774804  0.01485828
  -0.03903975]
 [ 0.04505433  0.00922691 -0.06331418 ..., -0.06779831 -0.06877345
   0.01910913]
 ..., 
 [-0.01167212  0.00359945  0.05768343 ..., -0.09469692 -0.07887888
  -0.11947196]
 [-0.01796594  0.01726961 -0.01365277 ..., -0.01571076  0.06086413
   0.00556197]
 [-0.02910194  0.01193985  0.00591566 ..., -0.05808748 -0.0713573
   0.15256397]] [[ 0.68722217  0.88871212  0.46562061 ...,  1.12551142  0.34995697
   0.59818919]
 [ 0.73335599  1.29227514  0.02012745 ...,  0.6194193   1.23290347
   0.32220555]
 [ 1.14415094  1.02137936  1.25910393 ...,  0.48110336  0.09546002
   0.95931177]
 ..., 
 [ 0.914604    1.16692587  0.65303331 ...,  0.51620727  1.02772918
   0.13310608]
 [ 0.78007848  1.18391477  1.32826655 ...,  0.10388978  1.08492151
   0.31667673]
 [ 0.68609062  0.5374308   1.09707476 ...,  1.12058241  0.64999175
   0.01320898]]
