[[ 1.24750542  1.4130288   0.00721235 ...,  0.33755883  0.44321055
   0.02631654]
 [ 1.11771751  0.68230713  0.68829481 ...,  0.22014604  0.38627077
   0.96744822]
 [ 0.12798578  0.80016914  0.40677766 ...,  0.06147809  0.39062815
   1.30901481]
 ..., 
 [ 0.94265076  0.57903266  0.7194207  ...,  0.53941072  1.26699564
   0.44417232]
 [ 0.99560215  0.8764759   0.34475391 ...,  1.28866764  1.20313395
   0.0500321 ]
 [ 0.66134075  1.42480571  0.79039468 ...,  0.74147952  0.84048904
   1.35968757]] [[ 0.02802377 -0.0128401  -0.0543613  ..., -0.02347258  0.08476077
   0.07063751]
 [-0.02366147  0.03566471  0.01634345 ...,  0.01915097  0.00473237
  -0.07861902]
 [ 0.0074682  -0.00348403  0.02989531 ...,  0.00062157 -0.01956131
   0.02131308]
 ..., 
 [ 0.01537572  0.00141552 -0.01451206 ..., -0.00969885 -0.02989057
   0.07033357]
 [-0.00269382 -0.02510675 -0.03061352 ...,  0.02254323  0.0233331
   0.06028407]
 [-0.03300155  0.02368498  0.0273841  ..., -0.00056363  0.04713367
  -0.09750215]] [[ 0.734943    0.76573028  0.43350486 ...,  0.06844427  0.68654527
   0.20127933]
 [ 0.46616911  0.8114914   1.24776364 ...,  0.46841128  1.18509301
   0.8577606 ]
 [ 1.24860684  1.18442757  0.52488543 ...,  1.45359994  0.33180047
   0.20515605]
 ..., 
 [ 0.55630005  0.87533354  0.75080678 ...,  0.18961342  0.74333705
   1.31494323]
 [ 0.69191659  0.40102526  0.21540156 ...,  1.00416939  0.10387765
   0.9718199 ]
 [ 0.53149688  1.30385952  0.64410375 ...,  0.73273811  0.11830522
   0.41195756]]
