[[ 1.24137388  0.85957927  0.13126759 ...,  0.66534258  0.99768708
   0.15849166]
 [ 0.15697653  0.09001931  0.37759716 ...,  1.35373296  0.47471606
   1.3383426 ]
 [ 0.8039351   0.70773334  0.56722234 ...,  0.14603514  0.1358244
   1.03582727]
 ..., 
 [ 0.19799789  0.86554799  0.21480598 ...,  0.18122307  0.82220226
   0.96123851]
 [ 1.07776135  1.07017827  0.54250087 ...,  0.88617335  0.65252581
   0.33539145]
 [ 1.39852611  0.12092458  1.40255095 ...,  0.51434239  0.49639845
   1.09701174]] [[ 0.02432805  0.02874077  0.01203486 ...,  0.02902518 -0.02960082
  -0.02354407]
 [ 0.06275017  0.06362089 -0.11886943 ..., -0.01256123  0.0538736
   0.05686519]
 [-0.02103237 -0.05640034  0.06426763 ...,  0.00442254 -0.06822632
   0.07084583]
 ..., 
 [-0.03805389 -0.03323799  0.03197827 ...,  0.04260621  0.03752834
  -0.00025405]
 [ 0.00732567  0.01885457  0.01671438 ...,  0.03214144  0.02312667
   0.017418  ]
 [ 0.0146415   0.04629642  0.01670853 ...,  0.00111727 -0.03499246
   0.00815838]] [[ 0.32077919  1.06156492  0.67677539 ...,  1.0485277   1.26704996
   0.29134872]
 [ 0.41120898  0.45702384  0.87101255 ...,  0.20184088  0.67411675
   0.34720432]
 [ 0.60192674  0.86783634  0.26515628 ...,  1.19538432  0.5386954
   1.27923454]
 ..., 
 [ 1.00642566  0.15449964  0.74068215 ...,  1.34141923  1.34160811
   0.39169136]
 [ 0.0987189   0.50182271  0.46494706 ...,  0.21703691  0.37236916
   1.31308674]
 [ 0.66294994  0.18762055  1.10085591 ...,  1.40382766  0.45680816
   0.28064696]]
