[[ 1.08479594  0.86183686  0.29575031 ...,  0.50686608  0.7459161   1.12296   ]
 [ 0.94387273  1.12600194  1.19054753 ...,  0.64953107  1.3883664
   0.14184295]
 [ 1.00934984  1.06425626  1.40917475 ...,  0.53529675  1.10545184
   1.31067471]
 ..., 
 [ 0.4507831   0.04847307  1.03183693 ...,  0.38525969  0.97083431
   0.09329409]
 [ 0.45218391  0.67391429  0.23965932 ...,  1.12103395  0.03024846
   1.27799749]
 [ 0.03890273  0.64857963  0.40057528 ...,  0.92346342  0.79964383
   0.17312805]] [[ 0.05494675  0.07944518 -0.02068178 ...,  0.09580345 -0.20024661
  -0.05177788]
 [ 0.06448991  0.10516841 -0.17423493 ...,  0.02521337 -0.05768975
  -0.06804561]
 [ 0.06039599  0.16239168  0.04980614 ...,  0.05768592 -0.28398677
   0.01344887]
 ..., 
 [ 0.04315551  0.14894914 -0.09239775 ...,  0.0186248  -0.21156884
   0.12010298]
 [-0.04212422 -0.11895707 -0.19703186 ..., -0.06379308  0.15240989
  -0.14832622]
 [-0.00424706 -0.05937266  0.19434953 ..., -0.05386901  0.02478346
  -0.03306594]] [[ 0.53074574  0.46539781  0.95693813 ...,  0.93996845  1.31494176
   0.22973307]
 [ 0.85641754  0.0819521   1.11314775 ...,  1.24743558  0.99645222
   0.74743588]
 [ 1.140887    0.82859684  0.83516486 ...,  0.24421526  1.05956546
   0.01647671]
 ..., 
 [ 0.7581188   0.18264387  1.37647261 ...,  1.28966227  0.03848748
   0.77320069]
 [ 0.71582994  0.62934098  0.98275717 ...,  0.37470515  0.92370157
   0.80940612]
 [ 1.09292325  0.62747166  0.99340551 ...,  0.2805992   0.18931467
   0.05439845]]
