[[ 0.91594855  0.83583864  1.34890914 ...,  1.21931155  1.37667534
   0.92906999]
 [ 0.69023884  0.67485058  1.3251036  ...,  0.49587687  0.02339857
   0.87700565]
 [ 1.12118899  1.36233272  0.6958339  ...,  0.71382167  0.39334857
   0.1648897 ]
 ..., 
 [ 0.58675124  1.0434568   0.72722599 ...,  0.45456048  0.09400021
   1.26943535]
 [ 0.93856129  0.67741277  1.29607651 ...,  0.04651669  0.35752697
   0.94195873]
 [ 0.10308513  0.15330816  0.10366308 ...,  0.6047265   0.93020806
   0.93789314]] [[ 0.02733871  0.22088247 -0.01964376 ..., -0.26702529 -0.03686882
   0.04667166]
 [ 0.06108544 -0.02161128  0.07043247 ..., -0.13657913 -0.0086139
   0.03770109]
 [ 0.17149503  0.06077923  0.12674678 ..., -0.1894869  -0.04165135
   0.13638989]
 ..., 
 [-0.05388932  0.05871511 -0.0292127  ..., -0.05345503 -0.0071835
   0.16466521]
 [ 0.03442695  0.12532358  0.10810844 ...,  0.09150514  0.04303413
  -0.0731311 ]
 [-0.09244855  0.08489802 -0.09209504 ..., -0.02782881  0.02811869
   0.13489267]] [[ 1.25079911  0.17929621  1.37884317 ...,  0.13128334  1.01703305
   1.02705019]
 [ 0.56285196  0.93773302  0.70870258 ...,  0.16045511  0.54996252
   1.18854547]
 [ 1.0962872   1.10073238  1.19858794 ...,  0.33725799  0.26201793
   1.22607636]
 ..., 
 [ 0.21126398  1.34184256  0.27021248 ...,  1.18908515  0.07603327
   1.45171378]
 [ 0.47118969  0.96974809  0.39780998 ...,  0.9063959   0.06159856
   1.03265405]
 [ 1.02099741  1.44963646  0.86032585 ...,  0.09677677  1.14421292
   0.53073682]]
