[[ 0.49931857  0.80522717  0.31853829 ...,  0.15866599  0.85744088
   0.28854692]
 [ 0.96786875  0.59389282  0.13541862 ...,  1.03246423  0.05319954
   0.35387847]
 [ 0.4679111   1.30460418  0.35989664 ...,  1.16835511  0.66169152
   1.31128922]
 ..., 
 [ 1.17974749  0.55721787  1.12944644 ...,  0.34986649  1.01357054
   0.50650104]
 [ 0.3906062   1.14277317  0.35318062 ...,  0.51730614  0.29965404
   0.02842573]
 [ 0.24414344  1.08329243  1.16144004 ...,  1.02670461  1.38655913
   1.20178688]] [[  4.34499629e-02  -2.51881753e-03   6.05357882e-03 ...,  -2.32742866e-02
   -2.17791733e-02  -2.61697289e-02]
 [ -1.11725589e-02   3.54920305e-02  -2.13609551e-02 ...,   5.33958169e-02
    2.38155829e-02   4.70730869e-02]
 [  1.22186698e-02   1.72435356e-02   1.57610165e-02 ...,   2.70354410e-02
    6.72018950e-02   3.20589129e-02]
 ..., 
 [ -1.05035091e-02  -8.77138356e-05  -1.20960716e-02 ...,   1.70246734e-02
   -2.84056712e-02   1.17448590e-03]
 [  3.84433701e-03   8.46170781e-03   5.91394906e-03 ...,   1.37791922e-02
    2.97866548e-03   9.41341113e-03]
 [  1.29581091e-02   1.54759743e-04  -3.97911070e-03 ...,   2.88905203e-03
   -3.20005024e-02  -3.21579866e-05]] [[ 0.11649519  0.02519571  0.83543963 ...,  1.22256507  0.49536688
   0.41153321]
 [ 1.1122441   1.42373772  1.27682259 ...,  0.38954829  0.88610468
   0.13012476]
 [ 0.64355713  0.55534014  1.40415064 ...,  0.12118464  0.43547076
   0.76282244]
 ..., 
 [ 0.17694372  0.46248767  0.57325942 ...,  0.81673987  1.02243648
   0.11790985]
 [ 0.28994203  1.31444501  0.55898016 ...,  1.17133318  0.81513677
   0.70530909]
 [ 0.78015534  1.11673155  0.58743383 ...,  1.2931023   0.19318551
   1.27032144]]
