[[ 0.9898378   0.92802535  0.24436616 ...,  0.17091623  0.0912002
   0.6934883 ]
 [ 0.62307088  0.12645448  0.15207541 ...,  0.42744511  0.94173772
   0.37568037]
 [ 0.95983261  0.8902336   0.06299867 ...,  0.91119569  0.95936033
   1.36427943]
 ..., 
 [ 1.37188739  1.01803899  1.20873788 ...,  0.88599569  0.37777372
   0.31367404]
 [ 1.00110857  1.29970713  0.28661264 ...,  1.29560341  1.32914877
   0.30319184]
 [ 0.88896312  0.08614036  0.81334404 ...,  1.26243659  1.12200585
   0.13797024]] [[ 0.02828718  0.02742653 -0.0021537  ..., -0.03112603 -0.0374661
   0.27668334]
 [ 0.04711493  0.01913561 -0.03330132 ..., -0.03079985 -0.02115073
  -0.03215409]
 [ 0.16500792  0.01772708  0.07595547 ..., -0.02534608 -0.13600946
   0.34553158]
 ..., 
 [ 0.00400803 -0.0079092  -0.04850227 ..., -0.12002589 -0.0528465
   0.24207988]
 [-0.13669922 -0.0170455   0.06312214 ...,  0.058748   -0.04335157
  -0.10803394]
 [ 0.03110672  0.00340679  0.05825697 ..., -0.02671884  0.03982773
  -0.14272881]] [[ 1.19428635  1.02001605  0.32037852 ...,  0.88645724  0.62766824
   0.72189158]
 [ 1.10334994  0.20873575  0.24388412 ...,  0.80398688  1.25696127
   0.85741033]
 [ 1.18678152  1.23713537  0.89098331 ...,  0.92444832  0.49763629
   0.63033426]
 ..., 
 [ 1.02158162  1.20487778  1.05897151 ...,  0.35659793  0.80860137
   0.60728631]
 [ 0.55976131  0.98784279  0.82193352 ...,  0.26262937  0.42906218
   0.49462297]
 [ 1.14252573  0.88313103  1.04686663 ...,  1.3244565   0.1179555
   0.3509919 ]]
