[[ 0.07310455  0.20658673  0.59374851 ...,  0.90030214  1.22767585
   0.9548676 ]
 [ 1.2905668   0.88700078  0.11302512 ...,  0.23615084  1.21911568
   0.89454304]
 [ 0.73323047  1.32003418  0.40783474 ...,  0.01023697  0.98670292
   1.15648481]
 ..., 
 [ 0.79291763  0.58520644  1.18044303 ...,  0.97096068  0.13686271
   1.11850552]
 [ 1.33701352  0.18430944  0.04805712 ...,  0.71259702  1.17277132
   0.33882289]
 [ 0.51523317  0.73312347  0.59801704 ...,  0.58266388  0.19215796
   0.95195783]] [[ 0.57731498 -0.79423625  0.14535214 ...,  0.82958641  0.01432392
  -0.18588777]
 [ 0.11972031  0.42404919 -0.07738526 ...,  0.36052285 -0.03306887
   0.0136756 ]
 [ 0.14738486 -0.36139654 -0.02421306 ..., -0.39478763  0.05561933
   0.03262634]
 ..., 
 [ 0.17694089  0.09181803 -0.02581591 ...,  1.25196764  0.14070138
  -0.16359821]
 [-0.07059489 -0.10487997  0.04708206 ..., -0.32590321 -0.07204635
   0.04624698]
 [ 0.20580553 -0.26789278  0.05759408 ...,  0.10524131 -0.05675531
   0.0137298 ]] [[ 0.28969011  0.48214175  1.07049673 ...,  0.91297501  0.56632219
   1.27040184]
 [ 0.07190429  0.1241896   1.318187   ...,  1.40913984  0.29414334
   0.11950066]
 [ 0.40723907  0.04808507  1.0334753  ...,  0.38942818  0.84340777
   0.01263061]
 ..., 
 [ 0.95925446  0.85889772  0.0800374  ...,  0.93632822  0.02150357
   0.41204743]
 [ 1.17989222  0.51764752  0.72392746 ...,  0.68131688  0.45805917
   0.69365386]
 [ 1.21538102  1.28980968  0.50331481 ...,  0.88309451  0.193317
   0.66246576]]
