[[-0.03316484 -0.01611119  0.01780213 ...,  0.0082412  -0.01556929
  -0.0043082 ]
 [-0.03287041  0.0005726  -0.00999553 ...,  0.02301042 -0.01038491
  -0.02578739]
 [-0.03257495  0.01289366 -0.00650581 ..., -0.02347214 -0.0588881
  -0.01330857]
 ..., 
 [-0.03263828  0.04068459  0.02634666 ...,  0.03165497  0.03497589
  -0.0541162 ]
 [-0.03296342 -0.0056831   0.01479283 ..., -0.01109372 -0.01234211
   0.05590737]
 [-0.03286102 -0.02009272  0.00232348 ...,  0.02226145 -0.09644227
  -0.01038819]] [[-0.03211722 -0.03282394 -0.0318322  ..., -0.03331384 -0.03275656
  -0.03317074]
 [ 0.02391158 -0.01089158 -0.00701589 ..., -0.06314726  0.02159455
   0.05823923]
 [-0.06430568 -0.01840008 -0.02568848 ...,  0.00848387  0.02382316
  -0.07091888]
 ..., 
 [ 0.00544636 -0.02370573 -0.04568592 ..., -0.04374561  0.02832733
  -0.03208456]
 [ 0.01204876 -0.00757939 -0.0037657  ..., -0.00142551 -0.02134723
   0.03809786]
 [ 0.00335826  0.0240444   0.03918271 ...,  0.06765034  0.03241307
   0.02344758]] [[  2.16559318e+05   0.00000000e+00   0.00000000e+00 ...,   0.00000000e+00
    0.00000000e+00   0.00000000e+00]
 [  0.00000000e+00   3.04348390e+02   0.00000000e+00 ...,   0.00000000e+00
    0.00000000e+00   0.00000000e+00]
 [  0.00000000e+00   0.00000000e+00   3.03361958e+02 ...,   0.00000000e+00
    0.00000000e+00   0.00000000e+00]
 ..., 
 [  0.00000000e+00   0.00000000e+00   0.00000000e+00 ...,   2.13457622e-03
    0.00000000e+00   0.00000000e+00]
 [  0.00000000e+00   0.00000000e+00   0.00000000e+00 ...,   0.00000000e+00
    3.22288130e-04   0.00000000e+00]
 [  0.00000000e+00   0.00000000e+00   0.00000000e+00 ...,   0.00000000e+00
    0.00000000e+00   1.77525684e-04]]
