[[ 0.03443027 -0.03008631  0.00148192 ..., -0.01584636  0.01753456
  -0.00526987]
 [ 0.03415302  0.00527674  0.05807314 ..., -0.02317499  0.01971711
   0.04446965]
 [ 0.0357275  -0.01119482  0.0228533  ..., -0.07194193  0.00916442
   0.00207803]
 ..., 
 [ 0.03551873 -0.04111772  0.01604557 ...,  0.00960506 -0.00130866
  -0.08842254]
 [ 0.03575407 -0.02088643 -0.00804711 ..., -0.04629841  0.0518558
  -0.00932427]
 [ 0.03434307  0.0422698  -0.047677   ..., -0.00370991 -0.04643901
   0.03930989]] [[ 0.03346813  0.03444038  0.03595833 ...,  0.0351991   0.03480509
   0.03452021]
 [-0.08923395 -0.0329347  -0.0712368  ...,  0.01407159 -0.02643394
  -0.01310982]
 [-0.00184536  0.00851409 -0.03059435 ..., -0.00899216 -0.00122253
   0.00109849]
 ..., 
 [-0.02988964  0.02665673 -0.03911009 ...,  0.0016808   0.04904925
   0.0543585 ]
 [-0.02429477  0.02468689  0.02145172 ...,  0.02076081 -0.02355761
  -0.0676351 ]
 [ 0.00758047  0.06160103  0.02605219 ...,  0.01725517  0.00512009
   0.01143088]] [[  1.63934328e+05   0.00000000e+00   0.00000000e+00 ...,   0.00000000e+00
    0.00000000e+00   0.00000000e+00]
 [  0.00000000e+00   2.64231711e+02   0.00000000e+00 ...,   0.00000000e+00
    0.00000000e+00   0.00000000e+00]
 [  0.00000000e+00   0.00000000e+00   2.61289482e+02 ...,   0.00000000e+00
    0.00000000e+00   0.00000000e+00]
 ..., 
 [  0.00000000e+00   0.00000000e+00   0.00000000e+00 ...,   1.02865234e-03
    0.00000000e+00   0.00000000e+00]
 [  0.00000000e+00   0.00000000e+00   0.00000000e+00 ...,   0.00000000e+00
    4.39089288e-04   0.00000000e+00]
 [  0.00000000e+00   0.00000000e+00   0.00000000e+00 ...,   0.00000000e+00
    0.00000000e+00   9.16584310e-05]]
