[[ 0.04930387  0.01743812 -0.03565489 ...,  0.01243281  0.04872896
   0.00143598]
 [ 0.04829601  0.08491869  0.0151876  ...,  0.04231975  0.03371638
   0.07166337]
 [ 0.05005011  0.07494154  0.04606501 ..., -0.04636551  0.05403807
  -0.05836233]
 ..., 
 [ 0.04973451  0.03875936  0.10255782 ..., -0.0079362   0.05204241
  -0.00444996]
 [ 0.0487989   0.02867491  0.08473274 ..., -0.0885655   0.00431339
  -0.02770215]
 [ 0.04773497 -0.03942092  0.01419358 ..., -0.05946186  0.00549185
   0.13885657]] [[ 0.05039065  0.0501376   0.04986637 ...,  0.05120543  0.04903405
   0.04973959]
 [-0.02555043 -0.01369754 -0.01183413 ...,  0.0118771  -0.00180358
  -0.02556621]
 [-0.05686215 -0.04219881 -0.1200415  ..., -0.0101456   0.0670435
   0.00165484]
 ..., 
 [-0.01311528  0.02176409  0.02656518 ...,  0.05646855  0.05066436
  -0.06380592]
 [ 0.08159497 -0.01023229  0.00240234 ..., -0.0268843   0.02956298
  -0.01570934]
 [ 0.00615837 -0.06386904  0.03817809 ..., -0.05515855  0.08277719
   0.11471206]] [[  4.22183438e+04   0.00000000e+00   0.00000000e+00 ...,   0.00000000e+00
    0.00000000e+00   0.00000000e+00]
 [  0.00000000e+00   1.31560834e+02   0.00000000e+00 ...,   0.00000000e+00
    0.00000000e+00   0.00000000e+00]
 [  0.00000000e+00   0.00000000e+00   1.28729584e+02 ...,   0.00000000e+00
    0.00000000e+00   0.00000000e+00]
 ..., 
 [  0.00000000e+00   0.00000000e+00   0.00000000e+00 ...,   2.03628844e-03
    0.00000000e+00   0.00000000e+00]
 [  0.00000000e+00   0.00000000e+00   0.00000000e+00 ...,   0.00000000e+00
    1.43010621e-03   0.00000000e+00]
 [  0.00000000e+00   0.00000000e+00   0.00000000e+00 ...,   0.00000000e+00
    0.00000000e+00   2.68667839e-04]]
