[[ 0.07718771 -0.0938331  -0.02818095 ..., -0.01283262 -0.00749549
  -0.03511097]
 [ 0.08206329 -0.03752551  0.00602435 ...,  0.04836313  0.09830961
   0.01979318]
 [ 0.08191764  0.18444063  0.02823026 ...,  0.09393516  0.13414251
   0.00730502]
 ..., 
 [ 0.07706675  0.09621853 -0.05945699 ...,  0.10386048  0.04833444
  -0.24030184]
 [ 0.07540434  0.05399503  0.001407   ...,  0.01582071  0.0626478
   0.01580697]
 [ 0.08527145  0.03106306 -0.1199077  ...,  0.02312741 -0.11098091
  -0.02501597]] [[ 0.08778887  0.08469367  0.08865633 ...,  0.07522832  0.07847581
   0.08365104]
 [-0.0604892   0.03848514 -0.004901   ..., -0.03176277  0.03513347
   0.00583654]
 [-0.04897421 -0.05926675 -0.0543343  ..., -0.13829621  0.11702807
   0.0163551 ]
 ..., 
 [ 0.02754113  0.07013197 -0.13454012 ...,  0.06800076  0.11402934
  -0.08502478]
 [ 0.06742332  0.05527352  0.01592977 ...,  0.17162128  0.10744767
  -0.12738166]
 [ 0.00294427 -0.09341145  0.01070045 ...,  0.0827685   0.04633899
   0.13335465]] [[  5.60128482e+03   0.00000000e+00   0.00000000e+00 ...,   0.00000000e+00
    0.00000000e+00   0.00000000e+00]
 [  0.00000000e+00   4.93688086e+01   0.00000000e+00 ...,   0.00000000e+00
    0.00000000e+00   0.00000000e+00]
 [  0.00000000e+00   0.00000000e+00   4.75494832e+01 ...,   0.00000000e+00
    0.00000000e+00   0.00000000e+00]
 ..., 
 [  0.00000000e+00   0.00000000e+00   0.00000000e+00 ...,   1.99010104e-02
    0.00000000e+00   0.00000000e+00]
 [  0.00000000e+00   0.00000000e+00   0.00000000e+00 ...,   0.00000000e+00
    3.25531289e-03   0.00000000e+00]
 [  0.00000000e+00   0.00000000e+00   0.00000000e+00 ...,   0.00000000e+00
    0.00000000e+00   5.08875641e-04]]
