[[ 0.05449769  0.01442387  0.04800829 ...,  0.00561083  0.03196913
   0.08732107]
 [ 0.0569938   0.11566442 -0.04385775 ...,  0.00999961  0.007955
  -0.06808171]
 [ 0.05854364 -0.03613789 -0.08258839 ...,  0.01433075 -0.0145883
  -0.08825162]
 ..., 
 [ 0.05827783 -0.04556535 -0.0717162  ...,  0.07201547 -0.0981388
  -0.0699721 ]
 [ 0.05817427 -0.13806232 -0.02844898 ...,  0.0229151  -0.02399545
  -0.03612936]
 [ 0.05687621  0.01368001  0.02625743 ..., -0.01751972  0.0899202
   0.0330512 ]] [[ 0.05950867  0.05512663  0.05687049 ...,  0.05801946  0.05823756
   0.05860292]
 [-0.06020769 -0.03758718 -0.07026583 ...,  0.03230275  0.07386683
  -0.02471785]
 [-0.02236405 -0.05864775 -0.02618868 ...,  0.0681615   0.02207404
  -0.03854526]
 ..., 
 [ 0.02567029 -0.02749114  0.06198588 ...,  0.05920679  0.04284952
   0.07836502]
 [-0.0482068   0.07763855 -0.01840712 ..., -0.01928093  0.08188723
  -0.00164208]
 [ 0.03866411 -0.01301518 -0.07239243 ...,  0.00283206 -0.04338438
  -0.11046957]] [[  2.11106792e+04   0.00000000e+00   0.00000000e+00 ...,   0.00000000e+00
    0.00000000e+00   0.00000000e+00]
 [  0.00000000e+00   9.16213984e+01   0.00000000e+00 ...,   0.00000000e+00
    0.00000000e+00   0.00000000e+00]
 [  0.00000000e+00   0.00000000e+00   8.87401929e+01 ...,   0.00000000e+00
    0.00000000e+00   0.00000000e+00]
 ..., 
 [  0.00000000e+00   0.00000000e+00   0.00000000e+00 ...,   4.66597723e-03
    0.00000000e+00   0.00000000e+00]
 [  0.00000000e+00   0.00000000e+00   0.00000000e+00 ...,   0.00000000e+00
    2.40048369e-03   0.00000000e+00]
 [  0.00000000e+00   0.00000000e+00   0.00000000e+00 ...,   0.00000000e+00
    0.00000000e+00   3.15701823e-06]]
