[[ 0.04297232 -0.07471172  0.01732046 ..., -0.02237097  0.00478284
  -0.00024247]
 [ 0.04289234  0.07231843  0.01272428 ..., -0.0068699  -0.02363659
  -0.02264124]
 [ 0.04502376  0.01797943  0.01746195 ..., -0.0212596  -0.02933608
  -0.05323314]
 ..., 
 [ 0.0433732   0.04320571  0.01276738 ...,  0.04450434  0.05089586
  -0.02780371]
 [ 0.04334971 -0.07917774  0.06594155 ...,  0.01908035  0.01254245
  -0.02365392]
 [ 0.04375091 -0.03173151 -0.0177171  ...,  0.02362175 -0.02550029
   0.02258163]] [[ 0.04248072  0.0456724   0.04487796 ...,  0.04358661  0.04059432
   0.044941  ]
 [ 0.09899899  0.00750914 -0.00181885 ..., -0.08120263 -0.01151566
   0.02038613]
 [-0.00918227  0.01047638 -0.02804107 ..., -0.01005213  0.03580588
   0.00569248]
 ..., 
 [-0.03267239  0.01596957  0.06754255 ..., -0.00213768  0.0030636
   0.01175331]
 [-0.05421227  0.00186918  0.02457994 ..., -0.00809668  0.01904577
   0.01206155]
 [ 0.0002207  -0.03363011 -0.00429065 ..., -0.01912953  0.03984887
  -0.0011141 ]] [[  7.04147290e+04   0.00000000e+00   0.00000000e+00 ...,   0.00000000e+00
    0.00000000e+00   0.00000000e+00]
 [  0.00000000e+00   1.69913456e+02   0.00000000e+00 ...,   0.00000000e+00
    0.00000000e+00   0.00000000e+00]
 [  0.00000000e+00   0.00000000e+00   1.68684673e+02 ...,   0.00000000e+00
    0.00000000e+00   0.00000000e+00]
 ..., 
 [  0.00000000e+00   0.00000000e+00   0.00000000e+00 ...,   1.71381838e-03
    0.00000000e+00   0.00000000e+00]
 [  0.00000000e+00   0.00000000e+00   0.00000000e+00 ...,   0.00000000e+00
    9.67494180e-04   0.00000000e+00]
 [  0.00000000e+00   0.00000000e+00   0.00000000e+00 ...,   0.00000000e+00
    0.00000000e+00   1.08095159e-04]]
