[[ 0.0994157   0.10164931 -0.0640318  ..., -0.02311659  0.04877582
   0.00801944]
 [ 0.09131527  0.02632012  0.16191591 ..., -0.01091049  0.07104858
  -0.03450738]
 [ 0.09225126  0.07448163 -0.0680623  ...,  0.12654871 -0.14332581
  -0.01511932]
 ..., 
 [ 0.09454409  0.07026221 -0.11809376 ..., -0.19210894 -0.08040689
  -0.04575667]
 [ 0.0918432  -0.16481295 -0.01494398 ...,  0.19633589 -0.04446375
   0.08231111]
 [ 0.08745137  0.16399415  0.07527364 ...,  0.08596421  0.06693731
  -0.07256173]] [[ 0.09185683  0.09431224  0.09075389 ...,  0.09313332  0.09338801
   0.09530776]
 [-0.14196535  0.12418829  0.13042551 ...,  0.11581037  0.06591628
   0.11878559]
 [-0.00213999  0.10319243  0.06584607 ..., -0.08823542  0.03376795
   0.02088575]
 ..., 
 [-0.01116369  0.1063282   0.07091352 ..., -0.14743509  0.05001788
   0.02283028]
 [-0.01445398 -0.08344193 -0.08583512 ..., -0.10386098  0.10950556
  -0.17039902]
 [-0.08439334  0.02296057  0.0162015  ...,  0.05612981 -0.12256064
   0.09371386]] [[  3.02796072e+03   0.00000000e+00   0.00000000e+00 ...,   0.00000000e+00
    0.00000000e+00   0.00000000e+00]
 [  0.00000000e+00   3.58772182e+01   0.00000000e+00 ...,   0.00000000e+00
    0.00000000e+00   0.00000000e+00]
 [  0.00000000e+00   0.00000000e+00   3.22634128e+01 ...,   0.00000000e+00
    0.00000000e+00   0.00000000e+00]
 ..., 
 [  0.00000000e+00   0.00000000e+00   0.00000000e+00 ...,   1.37930129e-02
    0.00000000e+00   0.00000000e+00]
 [  0.00000000e+00   0.00000000e+00   0.00000000e+00 ...,   0.00000000e+00
    5.03166842e-03   0.00000000e+00]
 [  0.00000000e+00   0.00000000e+00   0.00000000e+00 ...,   0.00000000e+00
    0.00000000e+00   3.69435251e-06]]
