[[ 0.05871512  0.00221506 -0.00473555 ...,  0.03058216 -0.02750767
   0.00033759]
 [ 0.05797841  0.13754833  0.00961007 ..., -0.18124811 -0.00531863
  -0.00852798]
 [ 0.06314673 -0.04649319  0.06332698 ..., -0.02558986  0.03054387
   0.02636628]
 ..., 
 [ 0.06236289  0.05477574 -0.02696134 ..., -0.0269195  -0.0278483
   0.06243142]
 [ 0.06378632  0.02897437 -0.02676509 ...,  0.01409689  0.03278561
  -0.02867878]
 [ 0.06276232  0.07665239 -0.05181832 ...,  0.06352652  0.06638706
   0.03175307]] [[ 0.05952648  0.0622619   0.05888031 ...,  0.06388361  0.06162225
   0.06378902]
 [ 0.06837775  0.09470031  0.06460419 ...,  0.02354427 -0.04194498
   0.00741306]
 [-0.00407179 -0.01057289 -0.01572772 ..., -0.06263823 -0.03098143
  -0.03631786]
 ..., 
 [-0.13525122 -0.0432491  -0.05404476 ..., -0.08031404  0.06517688
  -0.00800228]
 [ 0.06556317 -0.0030534  -0.09410049 ..., -0.03642747 -0.04365271
   0.09499046]
 [-0.00029482 -0.02830065 -0.00026397 ..., -0.10224658 -0.04656537
   0.10628651]] [[  1.57185610e+04   0.00000000e+00   0.00000000e+00 ...,   0.00000000e+00
    0.00000000e+00   0.00000000e+00]
 [  0.00000000e+00   7.97893181e+01   0.00000000e+00 ...,   0.00000000e+00
    0.00000000e+00   0.00000000e+00]
 [  0.00000000e+00   0.00000000e+00   7.77706510e+01 ...,   0.00000000e+00
    0.00000000e+00   0.00000000e+00]
 ..., 
 [  0.00000000e+00   0.00000000e+00   0.00000000e+00 ...,   7.69778306e-03
    0.00000000e+00   0.00000000e+00]
 [  0.00000000e+00   0.00000000e+00   0.00000000e+00 ...,   0.00000000e+00
    2.85443831e-03   0.00000000e+00]
 [  0.00000000e+00   0.00000000e+00   0.00000000e+00 ...,   0.00000000e+00
    0.00000000e+00   9.74010609e-04]]
