[[  1.96002993e-01   3.17601384e-01   3.81793361e-01   1.60962367e-01
    1.16380485e-01  -1.52632591e-02  -1.65007738e-01  -1.25897291e-01
    1.26569374e-01  -5.75261017e-02   1.84598495e-01  -3.30282935e-02
    7.35702558e-02  -6.59453181e-02  -1.01352515e-01  -1.28231748e-01
    3.34066139e-02   9.87443201e-02   2.48571362e-01  -6.87188496e-02
    3.19440768e-01   1.15905886e-01   1.84899065e-01  -4.60649509e-01
    8.42612053e-02   2.93654947e-01   3.26706515e-02   3.40300696e-02
   -5.67412492e-02   5.64945310e-02]
 [  1.67281317e-01  -1.19907605e-01   1.05002102e-01  -5.02975227e-02
   -3.64308045e-01  -1.22980190e-01   4.16428293e-02  -1.33260900e-03
    3.02519267e-02   1.31611245e-02   8.98627754e-02   1.75377889e-01
   -3.49918527e-01  -2.06416836e-01   1.11866550e-01  -3.11713510e-01
    4.24241291e-01  -3.11029421e-01   1.14559368e-01  -3.63731312e-02
   -2.57524469e-02  -9.79653831e-02  -1.80901837e-01  -2.18238636e-02
   -8.91829639e-02   1.04172621e-01   8.11650025e-04   1.53584915e-01
    2.94973409e-01   1.25774419e-01]
 [  1.85169078e-01  -2.14432802e-01  -3.23948814e-01  -7.37793625e-02
    6.82724505e-02  -4.65536088e-02   1.14699170e-02   1.41314417e-02
    1.47639725e-01  -7.99630680e-02  -1.09248754e-01   2.17755974e-01
   -7.78816363e-02  -1.30638140e-01   1.57810844e-01   4.58262012e-02
   -6.04375636e-02   8.41628840e-02  -1.61173393e-02   1.83464281e-03
   -3.94036718e-02   1.12242462e-01   7.60655792e-02  -2.84207256e-01
   -7.52695775e-02   2.40925264e-01   3.45912859e-01  -2.99346827e-03
    6.30648966e-02  -6.04518074e-01]
 [  1.73057359e-01   7.46817050e-03   4.50722108e-02  -2.46207036e-02
    3.26921504e-03  -4.83055417e-01   2.04920492e-01  -2.04399761e-01
    2.03329473e-03  -8.54795133e-02   6.54942322e-02  -2.02188339e-01
   -1.01854904e-01   8.45413513e-02   1.47973033e-02   1.34855042e-02
   -1.83773306e-01  -1.48447675e-01  -1.56421495e-01   2.98428649e-01
   -2.92564836e-01   3.06842039e-01   2.50371347e-01  -2.07127477e-01
   -1.83558603e-01  -1.05329175e-01  -2.24740244e-01  -9.21711489e-02
    1.30035654e-01   6.67708596e-02]
 [  1.78244276e-01  -1.64762598e-01   1.31162776e-01  -2.59766865e-02
   -7.20147289e-02   3.09493679e-01   1.19138033e-01   1.85290395e-01
    5.13730666e-02   2.62691094e-01  -2.78850360e-03  -2.52309614e-01
    4.46569568e-01  -3.80423390e-02   8.10822891e-02  -2.76792334e-01
   -1.31717537e-01  -9.29921008e-02  -6.72304067e-02  -2.93837891e-01
   -3.90744860e-02   1.97660904e-01   4.88473359e-02  -2.88545941e-02
   -1.75136697e-01  -4.70154940e-02  -2.13704243e-01   1.09941360e-01
    2.70600658e-01  -1.72608449e-01]
 [  1.72882629e-01   3.19922041e-01  -9.40595031e-02   7.78467417e-02
   -9.69327697e-02   2.15385070e-01  -1.83897083e-01   1.52068503e-02
    1.06187085e-01  -2.15781191e-01  -1.67432257e-01   6.40578621e-02
    1.18422252e-02   7.53876926e-02  -1.54944752e-01   5.48267389e-04
   -2.22860543e-01  -3.47014706e-01  -1.03810915e-01   1.82430645e-01
    6.56224727e-02  -4.35162813e-01   1.04622626e-01  -1.58029078e-01
    4.85398970e-03  -3.20518111e-01  -1.73779231e-02   1.05466659e-01
    2.60166551e-01  -1.32699626e-01]
 [  1.52248402e-01   2.02717444e-01   1.29319888e-01  -2.54546398e-01
   -2.14635808e-01   1.82101939e-01   2.85182945e-01  -5.46946635e-02
    1.19417860e-01   3.14215269e-01   8.96933374e-02   1.36220998e-01
   -5.83401234e-02  -2.71029609e-01   1.28263354e-03   7.80590285e-02
   -1.83986450e-01  -3.83800833e-03  -2.86767471e-01   1.89648913e-01
    2.01106036e-01  -1.23991904e-01   3.43202452e-02   1.11532542e-01
   -1.29051428e-01   1.79797451e-01   4.36100872e-02  -4.20073328e-01
   -1.33533018e-01   3.78252189e-02]
 [  2.00025007e-01  -1.22294786e-01  -1.68651725e-01   1.55850962e-02
   -6.32722241e-02  -1.03584014e-01  -2.73146740e-01  -4.12316085e-01
   -1.74233617e-02   3.17550215e-01  -6.62583652e-02  -9.72354769e-03
    1.56109303e-01  -4.12912276e-01  -1.70228738e-01  -1.97057228e-02
    4.51502559e-02   2.13814998e-01   3.08319944e-01   1.57465099e-02
   -1.43453308e-01  -1.26353171e-01   6.94612242e-03  -4.42031724e-03
    7.95341956e-02  -3.15644092e-01  -1.13876549e-01  -1.66198320e-01
   -4.20117594e-03  -3.00191460e-02]
 [  1.56191435e-01  -2.00647580e-01   2.53017267e-01  -3.53926765e-03
    4.35100515e-02   3.10470080e-01   9.56266551e-02  -2.84965930e-01
   -2.54030545e-02  -3.15168471e-01  -7.09786119e-03   1.93199933e-01
    1.90134039e-02  -3.95598590e-03   5.68157538e-02  -1.41341528e-01
   -4.56258803e-02  -7.95831623e-02   4.80278657e-02   3.27486764e-01
    2.55490621e-02   2.14580507e-01  -3.06830445e-01   9.02861349e-02
    1.40150620e-01  -1.08233950e-01  -2.53446802e-01   9.55681315e-02
   -3.18752055e-01  -2.20118779e-01]
 [  1.92919961e-01  -1.38202708e-01   5.87795917e-02   6.68487393e-02
   -2.16562435e-01  -6.86701933e-02   3.01727482e-01   2.06451698e-01
   -2.25910547e-01  -3.71450804e-01  -5.91153505e-02   2.69964426e-02
   -1.68299038e-01  -9.91094609e-02  -1.07605100e-01  -1.85889412e-01
   -3.83443495e-01   2.20555322e-01   2.84860247e-01  -2.60648432e-01
    4.92003613e-02  -1.05337233e-01   2.21941392e-01   1.35359021e-01
    1.02321125e-01  -9.31908802e-02   5.80530156e-02  -1.43098813e-01
   -2.59073528e-02   5.86498598e-02]
 [  1.62698437e-01  -1.16933352e-01   1.38409984e-01   3.25843998e-02
   -6.75315842e-02   1.67970213e-02   2.81952221e-01  -1.53665403e-01
   -3.20839010e-01   2.56173844e-01  -3.00445981e-01  -1.72892287e-01
    8.49699456e-03   2.21073334e-03   9.16014671e-02   1.70475381e-01
    6.30241631e-02  -1.54122793e-02  -9.93396835e-02   1.03450416e-01
    1.92000519e-01  -1.88161424e-02   7.41375674e-02  -1.72645564e-01
    1.26594731e-01  -1.82700164e-01   4.13466155e-01   4.02212850e-01
   -1.01208579e-01   1.25509825e-01]
 [  1.84021387e-01  -1.50462419e-01   1.50301619e-01  -2.08667224e-01
    5.09835017e-02  -2.57376205e-01  -7.46154826e-03  -8.72103937e-02
    2.25052736e-01  -3.79646911e-02   1.60007635e-01  -2.98287317e-01
    9.99088005e-02   2.72905886e-01   2.63180404e-01  -1.10498436e-01
    1.41084120e-01  -6.75631531e-02  -1.04748784e-01  -1.14003118e-01
    6.31003662e-02  -3.90998452e-01   5.55297578e-02   1.18665448e-01
    3.92289360e-01  -5.04183114e-02   5.59025211e-02  -1.80340189e-01
   -1.10076717e-01  -2.03955593e-01]
 [  2.18495944e-01   4.08952246e-01  -2.83453237e-01  -1.24999087e-01
    2.99470667e-02  -2.71207802e-02   5.87047470e-02   1.62091821e-01
    9.00204311e-02   6.86589988e-02   3.09495001e-02  -1.74977356e-01
   -9.54816558e-02   1.43885173e-01   2.33185387e-01  -1.71978689e-01
   -1.64002872e-02   5.86074068e-02   2.76816955e-01   5.15130418e-02
    1.60812227e-01   2.92695326e-01  -3.73897823e-01   2.04634639e-02
   -5.68267294e-02  -3.35659493e-01   1.82320590e-01  -1.09014938e-01
   -5.01969973e-02   3.54174183e-02]
 [  2.08237602e-01  -2.34546063e-01   1.47596690e-01  -1.44846570e-01
   -9.07506369e-02   3.69756580e-02  -4.16920229e-02   1.65687572e-01
    1.30449329e-02  -1.55739648e-01  -1.95672280e-01  -6.57062008e-02
    3.13516243e-01   2.31644442e-01  -8.37996386e-02   2.87819065e-01
    1.08046884e-01  -2.16539619e-02   3.25283520e-01   2.03211208e-01
   -1.24841647e-01  -1.56504972e-01  -2.07275842e-01  -1.48916090e-01
   -3.12657544e-01   1.69489739e-01   1.17621542e-01  -2.59390089e-01
    9.07507998e-03   1.97674253e-01]
 [  1.74416821e-01  -4.21983655e-02   3.17818171e-01  -1.54562919e-01
   -1.81564077e-02  -6.25362136e-02  -2.89438171e-01   1.58114908e-01
    7.17307883e-02   2.59600899e-02   2.73069346e-01   2.53583944e-01
   -9.33234114e-02  -7.10338073e-02   9.86361181e-02   2.64628595e-01
   -2.46866168e-01   3.98257545e-02  -1.89348097e-01  -3.06704710e-01
   -2.75481717e-01   3.83854973e-02  -1.76966791e-01  -1.47247705e-01
   -5.72988484e-02  -2.99703321e-01   1.35232327e-01   1.51720251e-01
   -1.55297974e-01   1.01684172e-01]
 [  1.55712035e-01  -5.82893297e-02   5.31464476e-02   4.04120654e-01
   -2.72162065e-01   1.30534940e-01  -2.58566035e-01  -1.41865184e-01
    1.03355933e-01  -2.68105512e-01   2.38792569e-02  -2.50083950e-01
   -6.51863033e-02  -4.38545590e-02   2.03935024e-01   1.81549619e-01
    1.41142504e-01   3.08334369e-01  -2.91786656e-01   2.22730100e-02
    1.52672247e-01   1.51951325e-01   2.21586577e-02   2.43069548e-01
   -1.68885583e-01  -5.17468150e-02   1.15556468e-01  -1.15037056e-01
    1.91830790e-01   2.32878770e-02]
 [  1.76165825e-01   2.71258043e-01   5.06289269e-02   1.23783699e-01
    5.40036709e-02  -1.21903947e-01   2.00924370e-01  -2.94762810e-01
   -1.39754669e-01   4.59926723e-02  -1.70058194e-01   3.05546317e-01
    2.74857599e-02   2.94330417e-01   1.14090018e-01   1.57192381e-01
    1.75248232e-01   3.47930172e-02   4.70316690e-02  -4.09530624e-01
    3.29365838e-02  -1.25339421e-01   1.75506502e-02   1.26579151e-01
   -3.65981044e-01  -2.30454138e-02  -2.22904287e-01   4.19596426e-03
   -8.04649203e-02  -1.94429362e-01]
 [  1.94182258e-01   5.02305201e-02   2.62838800e-01   1.30000201e-01
    3.93107559e-01  -1.48373726e-01   2.48467856e-02   1.15086903e-01
   -1.30585245e-01   8.84482948e-02  -5.77146658e-02   2.98768995e-01
    1.23636887e-01  -1.03094279e-02  -1.54482749e-01   1.54958143e-02
    4.64130448e-02  -4.41974075e-02  -5.75131160e-02   1.10746799e-01
   -1.06739922e-02   1.61911442e-01  -8.81172588e-02   3.12011605e-01
    2.54117719e-01  -3.26315209e-02   2.18471228e-01  -1.92156462e-01
    4.72658541e-01  -3.97797915e-02]
 [  1.58496489e-01   3.78146517e-02  -1.00251486e-01  -8.37647638e-02
   -8.06427364e-02  -9.40138371e-02   7.71420997e-02  -7.98601244e-02
    4.07953807e-01  -2.26242514e-03  -1.16798116e-01   2.16395645e-01
    1.79573936e-01   2.12984050e-01  -2.11932988e-01  -3.33891702e-01
   -3.39115752e-02   4.20632888e-01  -1.82642060e-01   1.10519748e-01
   -1.42473092e-01  -5.13529610e-02  -9.17100839e-04   1.32623526e-01
   -2.00036393e-02   1.00663025e-01   9.99359153e-02   3.49262913e-01
   -2.05253231e-02   2.46366598e-01]
 [  1.80111900e-01  -2.81490780e-01  -4.50313474e-02  -7.38075507e-02
    3.19322160e-01   3.31282069e-01   9.63821249e-02   9.82288824e-02
    2.29399267e-01   1.19310499e-01   1.60464955e-01   3.22209570e-02
   -3.80762565e-01   1.86717143e-01  -2.11693492e-01   9.29881057e-02
    2.63141906e-01   6.91530984e-02   8.66391996e-02   2.29714453e-02
    1.09797657e-01   3.20069391e-02   3.57865251e-01  -1.51666505e-02
   -1.19105509e-01  -2.66252728e-01  -8.06913677e-02  -3.66916168e-02
    1.13790690e-02   8.21155015e-02]
 [  2.06453467e-01   1.26865426e-01  -1.17946788e-02  -1.06385489e-01
   -3.57842499e-01   2.91347823e-02  -1.51446572e-01   2.18811235e-01
    7.36996375e-02   1.51762801e-01  -3.34950402e-01   4.63623245e-02
   -1.38745974e-01   1.50098272e-01  -3.76773964e-03   2.93907676e-01
    7.06470119e-02   1.71160344e-02   6.07934641e-02  -1.80383536e-02
   -8.18852845e-02   2.74145458e-01   1.37497752e-01   4.24805147e-02
    4.60558842e-01   1.58439497e-01  -3.24713745e-01   3.18860181e-02
   -2.08039257e-02  -5.61030590e-02]
 [  2.27504739e-01   2.99460362e-01  -1.13745195e-02  -6.89867922e-02
    2.03366200e-01   7.67701180e-02   1.03741852e-01   1.16451475e-01
    6.23204733e-02  -2.22273308e-01   2.51161854e-02  -2.43845409e-01
    8.86250394e-02  -4.15094358e-01  -1.29863374e-02   1.36195288e-01
    2.30637047e-01  -1.34732131e-01   8.07431630e-02   3.10851589e-03
   -3.55743519e-01  -3.06110079e-02   1.89639698e-01   3.19023112e-01
   -6.07796883e-02   1.10718471e-01   9.48862475e-02   2.34700773e-01
   -2.13591804e-01  -3.28439909e-02]
 [  2.02158029e-01  -1.56368195e-01  -9.22685881e-02  -5.28301191e-02
    5.97748372e-02  -3.61913184e-01  -1.17195705e-01   1.69394028e-01
    3.92969089e-03  -2.05686911e-02  -3.59213178e-02  -1.67540140e-01
   -2.95590885e-02  -1.25752963e-01  -4.52705158e-01   9.47701954e-02
   -4.67295961e-02  -1.13645406e-01  -1.71102987e-01  -6.36365401e-02
    4.78920498e-01   2.64073495e-02  -2.46528986e-01   1.32905530e-01
   -1.63364446e-01   5.67996866e-02  -1.77820863e-01   1.75677877e-01
   -1.47421311e-01  -1.22173024e-01]
 [  1.92996303e-01  -3.26457024e-02  -5.00770564e-02   2.08931753e-02
    3.74405799e-01  -2.33416509e-02  -9.53334483e-02   2.51378544e-01
   -1.57199250e-01  -1.09759344e-02  -2.59303646e-01   3.02416242e-02
   -8.82388721e-02  -2.02008710e-01   4.38184994e-01  -1.25897628e-01
   -3.94342408e-03   2.52536396e-01  -1.80027173e-01   1.27642648e-01
    5.18176431e-02  -2.50318644e-01  -5.06407833e-02  -1.71996664e-01
   -2.02692326e-02   7.92936483e-02  -3.64642054e-01  -3.33581815e-03
    1.01498352e-02   2.15737345e-01]
 [  1.36779256e-01  -1.42227444e-01  -2.51656332e-01   2.08210431e-01
    8.69954109e-02   6.18682334e-03   1.64042626e-01  -1.66402475e-01
    2.45185348e-01   6.48136958e-02   2.55304356e-01   6.50748537e-02
    6.70609946e-02  -1.43338112e-02   2.51936554e-01   3.44491617e-01
   -3.43713308e-01  -1.79851986e-01   2.53851570e-01  -2.03900179e-02
    1.32613897e-01  -6.83804981e-02  -8.34441854e-02   1.40593204e-01
    1.32039465e-01   2.01204321e-01  -9.80583789e-02   2.15257411e-01
    1.69706445e-01   2.54146517e-01]
 [  1.65027046e-01   1.08412402e-01  -8.82001722e-02   6.42677010e-02
   -1.32580829e-01   6.15437221e-02   1.10826415e-01   1.33806782e-01
   -3.91795119e-01   1.04227638e-01   5.32954814e-01  -7.69166125e-02
   -5.93717621e-03   1.54376072e-01  -1.37040242e-01   9.75075034e-02
    7.51752907e-02   3.30601429e-01  -1.29549291e-02   2.33810182e-01
   -1.41351040e-01  -2.03856879e-01  -1.43742848e-01  -7.83988096e-02
    5.97920367e-02   1.01405564e-01  -1.20796473e-01   1.62535558e-01
    1.20426610e-01  -2.52135402e-01]
 [  1.96434646e-01  -1.48129955e-03  -3.87179554e-01  -1.11552685e-01
    4.75508180e-03   1.38842685e-01   1.26730900e-01  -1.37933847e-01
   -1.78511846e-01  -2.83278463e-01   1.16420163e-01   9.66688296e-02
    2.28306907e-01  -3.57877972e-02  -1.43021874e-01   3.01167412e-02
    2.30385132e-01  -1.10679029e-01  -3.23252324e-01  -2.91607683e-01
    9.16496263e-03   1.38851753e-01  -7.22739297e-02  -2.60477561e-01
    2.44537173e-01  -2.92314547e-03  -9.56287403e-03  -2.03483959e-01
    2.44456005e-03   2.93758098e-01]
 [  1.78879895e-01  -5.48375848e-02  -1.46189542e-01  -2.41648587e-01
   -3.65899704e-02   1.98239437e-02  -4.46957479e-01  -5.80925873e-02
   -3.91499834e-01   3.65289249e-02   1.60121466e-01   1.58360241e-01
    1.08656400e-01   1.81539727e-01   1.61164966e-01  -1.84699988e-01
   -9.84468509e-02  -1.69173162e-01   4.48057377e-02   1.25745502e-01
    1.34395016e-01   1.08314548e-01   3.68006713e-01   2.69047240e-01
   -1.48384796e-01   1.26613869e-01   1.08332486e-01   6.56827977e-02
   -1.06110000e-01   1.05254662e-01]
 [  1.83945197e-01  -8.27324077e-02  -1.10753741e-01   6.60567587e-01
   -5.03805430e-02  -3.36260402e-02  -1.57151311e-02   2.26969292e-01
    3.92357921e-02   2.41347241e-01   2.64111399e-02   7.18986445e-02
    1.64480522e-02   1.01165381e-01  -4.63896135e-02  -1.91674392e-01
    1.74131711e-02  -2.53991314e-01  -8.80197808e-02   4.69691439e-02
   -1.91925915e-01  -3.03011398e-02   3.26477080e-03  -4.04288810e-02
    1.51073831e-02   3.78988060e-02   9.19121195e-02  -1.76812945e-01
   -4.28821171e-01   2.81361759e-02]
 [  1.66230563e-01   1.29674416e-02   1.26748023e-02  -4.67531757e-02
    1.91821997e-01   2.32429313e-01  -1.46255392e-01  -3.02852194e-01
   -1.15936873e-01   9.86375525e-02  -1.58886535e-01  -3.22354208e-01
   -4.14115989e-01   1.58644378e-01  -1.81038925e-01  -1.22554535e-01
   -2.49542766e-01  -4.70393174e-02  -5.38945935e-02  -2.00308331e-01
   -2.59457350e-01  -4.62718323e-02  -2.46706422e-01   4.31552383e-02
    5.14551442e-03   3.30035771e-01   1.00509495e-01  -5.60633480e-02
    7.20716343e-02   4.53128036e-02]] [[  2.04117040e-01   1.90248168e-01   1.68625427e-01   2.29377659e-01
    1.85312114e-01   1.35558976e-01   1.68315619e-01   1.66499752e-01
    1.80932609e-01   2.00665309e-01   1.63144730e-01   1.85368730e-01
    1.49631197e-01   1.62898217e-01   1.58815596e-01   2.03037138e-01
    1.82084784e-01   2.00612152e-01   1.74745385e-01   2.03899457e-01
    2.04121783e-01   1.78514780e-01   1.74485960e-01   1.63966371e-01
    1.92604891e-01   1.97030366e-01   1.71501581e-01   1.58491055e-01
    2.02812158e-01   1.87120743e-01]
 [  9.16703213e-02  -2.06127912e-01   1.31753074e-01  -8.24129108e-02
   -2.33451595e-01   1.02468325e-01  -1.90531975e-01  -1.00957840e-01
   -1.08517618e-01  -1.45997420e-01  -2.89397414e-01   1.01351638e-01
   -9.70298976e-02   1.45111979e-01   1.72101091e-01  -5.55667764e-03
   -2.48871998e-01   1.96448118e-01   2.71571937e-01  -1.89993518e-01
   -2.91617274e-01   1.19143534e-01  -9.15333749e-02   2.73711481e-01
    7.53036952e-02   7.08702469e-02   2.84040874e-01   1.31231499e-01
   -8.84769697e-02   3.41897630e-01]
 [ -1.02854410e-01   6.07523421e-02   2.99021515e-01  -5.92130822e-02
   -5.62233793e-02  -2.17364764e-01   1.83684619e-01  -1.98593461e-01
    1.76245857e-01  -8.17736102e-02   1.29429107e-02   2.75538664e-01
   -1.98177892e-01  -1.22001650e-01  -9.41986794e-02   2.49293938e-02
    9.28042704e-03  -1.27944777e-01  -1.23405202e-01  -2.49098431e-01
   -4.07114892e-02  -1.62413812e-01   3.93164717e-01   1.27121225e-01
    3.74926505e-01  -3.37261602e-01  -9.30920312e-02   1.18192967e-01
    1.01299639e-01   1.09582764e-01]
 [ -1.37393300e-01   1.56919848e-01  -2.41850118e-01  -3.39053947e-01
   -1.34528955e-01  -2.02269171e-01   2.56926024e-01   3.03735192e-01
   -2.43784199e-01  -1.77584242e-01   2.10658903e-01   2.37589491e-02
    3.62754056e-01   9.33114245e-02   3.13717178e-01   9.80052136e-02
    3.76972687e-04  -1.84284404e-01  -7.71390793e-02   2.39516797e-02
   -2.78592369e-01   2.95876872e-03   2.65354826e-02   1.42325802e-02
    6.53043350e-02  -5.17816245e-02   5.59284998e-02  -7.62406710e-03
    1.24088875e-01   1.92352207e-01]
 [ -4.96756679e-02  -6.73616069e-04   3.98399815e-02  -1.38463225e-01
   -1.33464065e-01   8.90825009e-02   9.80454843e-02   4.03220817e-01
   -1.13826064e-02  -7.17163319e-02  -3.27421301e-02  -2.35544154e-01
   -1.65490567e-01  -1.77253095e-01  -2.52539129e-02  -2.22942000e-01
   -2.13984068e-01   2.18269479e-01  -1.74910553e-01  -8.17646773e-02
    3.12534094e-01  -2.50336424e-01   5.73386704e-02   1.29730391e-01
   -1.29543533e-02   2.67963540e-02   3.92615938e-01   1.47881009e-01
    3.04848042e-01  -1.63841293e-01]
 [ -2.85713346e-01   4.22634906e-01  -2.29164103e-02  -2.36774506e-01
    8.87348429e-02  -1.52784431e-01  -2.95328475e-01   1.03843851e-01
    3.07698176e-01  -4.56186665e-03   2.48114682e-01  -1.02340600e-01
   -7.39182901e-02   6.54679871e-02  -2.36574622e-01  -7.96437614e-02
   -6.78570267e-02   2.43849128e-01  -4.75829287e-03  -9.16515452e-02
    3.47774945e-02   2.93511274e-01  -2.17651522e-01   2.24581973e-01
    9.19529651e-03  -8.55743154e-02  -7.42998878e-02  -3.00251095e-02
   -1.19453863e-01   1.71437529e-01]
 [ -3.82525672e-01   5.85087383e-02   2.02872036e-01  -3.56355531e-02
    2.59121612e-01   1.80506276e-01   5.94809282e-02   2.54870327e-01
   -3.49112694e-02  -2.31461147e-01  -2.05604293e-01   3.99782037e-01
    1.34824074e-01  -1.01043296e-01   1.56315419e-01  -1.56678918e-01
    1.20828874e-01  -9.01083370e-02   3.05620541e-01  -1.52553685e-01
    1.70951091e-01  -1.02671912e-01  -1.58600619e-01   6.13010745e-02
   -2.03243475e-02   5.72025598e-02  -8.19998007e-02  -4.08304181e-02
   -2.15135868e-01  -1.97244437e-01]
 [ -1.56927149e-01  -3.82130311e-02  -1.28124832e-01   1.52439654e-01
   -2.75655964e-02  -2.44625612e-02   1.78305481e-01   1.30309768e-03
    2.40200201e-01  -3.38625710e-01   1.83092595e-01  -5.91072915e-03
   -1.41232190e-01   1.58182897e-01  -2.20955846e-01   2.24409873e-01
   -2.84819259e-01  -6.48341586e-02   3.18669035e-01   4.02347415e-02
   -2.43088881e-01  -1.16745487e-03   2.36211868e-01   1.42849204e-01
   -1.88623932e-01   2.65654565e-01  -8.85587919e-03  -7.18088763e-02
    1.31064928e-01  -3.14136823e-01]
 [ -2.24280813e-02  -3.23192147e-02   6.65739665e-02  -1.99772953e-01
    9.39548855e-02   2.29311031e-02   9.66682229e-02   7.05833405e-02
    4.95698709e-02   2.98369186e-01  -1.01559606e-01   1.31667564e-01
    1.88619859e-01  -1.57591859e-01  -1.50959489e-01  -9.20395215e-02
   -4.02432803e-01   2.69788541e-01   2.16867369e-02   7.94959693e-02
   -1.93955699e-01   4.46093876e-03   1.39235552e-01  -2.96077296e-01
    3.31859432e-01   2.03816133e-01   1.11454400e-03  -4.22498881e-01
   -5.18135871e-02  -2.34186426e-02]
 [ -1.31415409e-01   1.95216707e-01   4.29829637e-02  -1.20360733e-01
   -1.65875529e-01  -1.17717819e-01   1.55126842e-01   7.18259425e-03
   -1.97972340e-01   1.56165713e-01  -2.18258955e-01  -3.67591602e-01
   -2.01227249e-01  -3.97055105e-02  -1.43316871e-01   1.61461127e-01
    2.38692055e-01  -1.33975610e-01   4.15199954e-01   2.84589148e-01
    8.17287594e-02  -6.47112048e-02   8.47524581e-02   1.04185403e-01
    1.98569567e-01  -5.80854829e-02   1.88362583e-01  -1.44423507e-01
   -2.67041760e-01  -1.07065963e-02]
 [  2.13460233e-01   8.51445448e-02   1.49298990e-01  -5.39778755e-02
    5.98352930e-02   1.55929508e-01   1.91840863e-01   7.19994783e-02
    1.51818368e-02  -7.78581438e-02  -8.22267499e-02  -1.38616499e-01
    5.81772262e-02   3.60635219e-01   2.80683526e-02  -7.87582375e-03
   -1.74170928e-01  -2.00081631e-01  -1.42703184e-01  -2.96911556e-01
    2.07386653e-01   3.96449822e-01   2.43960966e-01  -7.54037457e-02
   -1.29127258e-01  -2.27970758e-01   1.72706557e-01  -2.39035502e-01
   -2.72238967e-01  -1.07436291e-01]
 [  1.33463028e-01   6.66312996e-02  -2.45222672e-02  -1.08044878e-01
   -4.54758254e-02  -6.25679602e-02   1.10369687e-01  -2.09733515e-01
   -1.18600273e-01  -8.71453413e-04   1.99523383e-03   1.57208911e-01
    2.22957986e-02  -1.44068360e-01   1.90225149e-03   3.78332313e-01
    2.14483496e-01   2.68971595e-01  -1.31834063e-01  -2.86259043e-01
    1.01801668e-01  -1.17584221e-01  -1.55402800e-01   3.22760705e-01
   -1.87781857e-01   7.65191025e-02   8.73379925e-02  -5.11801851e-01
    1.12193979e-01  -8.17438056e-02]
 [ -2.19734456e-02   1.10019495e-01  -4.36627153e-01   9.50601345e-02
   -2.24447849e-01   4.63453277e-02   4.51749439e-02   1.12484713e-01
    3.04600863e-01   1.33958969e-01  -9.77145782e-02   1.75216205e-01
   -2.06643124e-01   1.94485099e-01   1.21848542e-01   2.43067609e-02
   -8.42733686e-02  -5.68824952e-02   8.60319646e-02  -1.59345558e-01
    2.56567794e-01  -3.62364770e-01   3.79192791e-02  -1.99545529e-01
   -8.14347540e-02   4.77985774e-02  -5.79837840e-02  -1.40055214e-01
   -1.39796900e-01   3.74989127e-01]
 [ -2.49250829e-01   9.68611881e-02   9.72257497e-02   3.57851157e-02
    2.03673171e-02  -3.56796928e-01  -3.24873659e-01  -1.86251814e-01
    4.55657454e-02   3.57725731e-03  -1.97083098e-01   8.22137161e-02
    2.40252621e-01   4.34863701e-01   5.21777864e-02   1.44397642e-01
    1.00589695e-02   1.12103301e-01  -1.00920365e-01   6.85223699e-02
    6.99424865e-02  -2.16324712e-01   4.30189502e-02  -2.31185595e-01
   -4.52711042e-03  -2.36018201e-02   3.60450693e-01   6.17466715e-02
    7.21143592e-02  -2.40138468e-01]
 [ -2.72207149e-01  -5.03450724e-02   1.03941118e-01   6.78021084e-02
   -2.83894940e-01   1.39170895e-01  -1.31633480e-01  -9.00842441e-02
   -8.08253214e-02   3.07812545e-01   4.04992705e-01   1.54969945e-01
   -1.24114190e-01  -1.28360534e-01   3.65206305e-01   1.83861625e-01
   -2.88458245e-01  -1.21837826e-01  -1.37186947e-01   1.38024053e-01
    1.09921800e-01   6.15953877e-02   6.07697662e-03   1.36504232e-01
    9.33663433e-03  -8.67051781e-03   8.32394146e-02   3.23629099e-03
   -2.72145818e-01  -2.06269622e-01]
 [  1.82985499e-02  -2.06576953e-02   2.18010499e-01  -1.86983360e-01
   -5.04088913e-02  -1.74617756e-01  -3.18714310e-02   8.95406656e-02
    1.36696479e-01   3.36163647e-01  -1.15371546e-01  -3.11691355e-01
   -6.95254655e-02   1.51561535e-01   4.11639312e-01  -1.97305769e-02
    5.85168969e-02   3.79964423e-02   1.46651840e-01  -2.90091405e-01
   -8.57271256e-02  -2.69607354e-02   9.16623818e-02   5.35684463e-02
   -7.66497413e-02   1.98253693e-01  -4.34201373e-01   4.28298177e-02
    1.64149750e-01  -2.06206195e-01]
 [ -2.18017600e-01  -5.26212270e-02  -2.00265674e-01  -4.75063565e-01
    6.55390106e-02   5.63081490e-01  -6.79593629e-02  -2.48960806e-01
    4.40885186e-02   7.11732237e-03  -5.27525843e-02  -7.39311934e-03
   -1.20453480e-01   1.73152246e-01  -6.00918174e-02   1.50921207e-01
    1.98468974e-01  -1.15188702e-01  -1.17863030e-01  -3.24695966e-02
    3.78775139e-02   8.29005471e-02   5.58777599e-02  -7.86567107e-02
    2.17847030e-01   1.71003364e-01   1.76432688e-02   1.01062190e-01
    2.09821187e-01  -6.14050692e-02]
 [  1.63363383e-01   3.55937260e-01  -8.04571791e-02   1.94608102e-01
    1.40574481e-01   7.70211370e-02  -5.60847321e-02   1.48666357e-01
   -2.23738413e-01  -2.66799317e-01  -5.57246144e-02  -2.27586353e-02
   -3.95467515e-01   1.22010487e-01   2.08768780e-01   1.27803958e-01
   -1.29727962e-02   2.38530459e-01  -2.44350520e-01   1.72401280e-02
   -2.10153267e-01  -9.29343356e-02  -4.32010180e-02  -9.05492525e-02
    3.42531298e-01   5.98558327e-02  -1.48325825e-01   4.77081010e-03
   -1.80052130e-01  -1.99957054e-01]
 [ -3.50115548e-02   1.12005330e-01  -2.84733172e-01   3.39476183e-02
    3.00745666e-01  -1.41193656e-01   2.60318170e-02  -2.11937560e-01
   -4.55064007e-02   5.72184668e-02  -2.38467300e-01   7.52717263e-02
   -2.13317368e-01  -8.73591936e-02   3.09753412e-01  -1.16223767e-01
   -2.87487923e-01  -1.24702191e-01   1.52746913e-01   1.75769693e-01
    1.31332650e-01   2.50386547e-01  -1.00865032e-01   9.64870826e-02
    2.32706041e-02  -2.63040205e-01   2.92795462e-02  -1.49584145e-01
    4.12278614e-01  -5.25991224e-02]
 [  1.89934546e-01   1.70460974e-01  -4.32995133e-02   4.26039213e-02
   -3.92266955e-01   2.62930905e-02  -4.63571178e-01   2.25774134e-01
    1.20076130e-01  -1.10142889e-01  -2.70562423e-01   1.64619116e-01
    1.40306840e-01  -1.50178209e-01  -5.32530793e-02  -5.17373075e-02
    9.36846741e-02  -2.82346882e-01  -1.04973129e-01   1.49708939e-01
    2.28371514e-02   1.62775323e-01   2.14374242e-01   1.83984136e-01
    9.25075808e-02   1.24766142e-01  -1.00966922e-01  -1.93708163e-01
    1.38245080e-01  -1.28179954e-01]
 [  2.54033626e-01   2.34575133e-01   1.26078538e-01  -3.53346450e-01
    1.98403817e-01   1.04017182e-01  -4.14914430e-02   3.52899135e-02
    2.01620161e-01   1.77485574e-02  -1.98434243e-01   6.05651777e-02
    1.30364773e-02  -2.31883088e-01   3.78651588e-02   3.63673247e-01
   -2.11678445e-01  -4.92549958e-02  -2.62521197e-02   2.39684195e-01
   -1.23735618e-01  -2.03393946e-01   4.38145936e-02  -2.73668322e-02
   -3.84319064e-01  -1.40419309e-01  -9.28137222e-03   2.52064981e-01
   -1.36515262e-01   2.24015413e-02]
 [  1.11692533e-01  -1.34845674e-01  -3.71105079e-01  -1.96921533e-02
   -1.29940255e-01   1.46128170e-01  -2.47000811e-03   4.57955009e-02
    2.22501876e-01   7.63104252e-02   2.90274770e-02   2.85876548e-02
    2.08744676e-01  -2.76198670e-02   7.56249182e-02  -3.67125554e-02
    1.64418080e-01   3.51337781e-01   2.14493327e-01  -4.23553075e-02
   -1.35423774e-01  -5.87392216e-03   8.75349035e-02   8.18818357e-02
    1.18477515e-01  -5.23974866e-01   1.63776385e-02   8.87853022e-02
   -1.28412049e-01  -3.71830311e-01]
 [ -2.01480995e-01   8.59448355e-02  -1.08334625e-01   1.42419307e-01
    6.57611927e-02   6.24891021e-02  -2.69469408e-01  -3.42368818e-02
   -3.04758335e-01  -1.17449992e-01   1.64756606e-02  -1.71660827e-01
    1.27865633e-01  -3.24614731e-01   4.74138852e-02   2.42812266e-01
   -5.09405178e-02   2.12194691e-01   1.81372809e-01  -2.55698654e-01
    1.67366463e-01   1.26321713e-01   4.61416337e-01  -2.34228394e-01
   -1.05704638e-01  -2.73036498e-02  -9.53229951e-02   7.56492655e-02
    5.31133188e-02   1.77361985e-01]
 [ -1.86443163e-02   5.97522489e-02   3.12854643e-01   7.15771767e-02
   -8.34878158e-02   2.85624487e-01  -1.93959861e-01   2.36580916e-01
   -1.37205764e-01   1.01894217e-01   1.94471513e-01   5.55523933e-02
   -1.56750095e-01   1.75726226e-01  -1.03262435e-01   7.74817859e-02
    3.76357326e-02  -5.50546839e-02   2.05503009e-01   5.02983475e-03
   -2.07511662e-01  -1.38036305e-01  -1.30156379e-01  -2.22967397e-01
   -1.14359937e-01  -3.99311126e-01  -7.87964897e-03  -2.70124769e-01
    3.78125109e-01   6.85427984e-02]
 [  3.84511768e-02  -2.60606788e-02  -1.71272862e-01  -1.22982097e-01
    2.40338259e-01  -1.55587254e-01  -1.34613353e-01   1.53417225e-01
   -1.96215445e-01   2.90001065e-01   9.45796431e-02   3.02400336e-01
   -3.27868722e-01   1.50431192e-02  -6.52859843e-02  -2.46470515e-01
    2.54136556e-01  -2.92281980e-02  -1.57203699e-02  -7.93430785e-02
   -2.48956955e-01   6.66505637e-02   3.52168404e-01   4.21783256e-02
   -2.73374721e-01   1.08729787e-01   2.66005480e-01   2.72866585e-02
   -9.58716498e-02  -5.07245763e-02]
 [  9.00961229e-02  -9.82744593e-02  -2.53855350e-03  -3.53722204e-02
   -1.06707254e-01  -2.30875279e-01   2.66045331e-02   1.77024116e-01
    2.19124492e-01  -2.67980391e-02   1.55306359e-02   8.87319454e-02
   -1.94079735e-01  -2.81753239e-01   2.28188100e-02   2.99549989e-01
    1.17389072e-01  -1.24426447e-01   1.04784790e-01  -2.49135853e-01
   -8.39303824e-03   3.32125769e-01  -3.03203351e-01  -4.43958604e-01
    1.33788596e-01   7.23493963e-02   2.50016648e-01   1.22365996e-01
    4.29358545e-02  -1.26102465e-01]
 [  3.37779710e-01  -3.14098376e-02  -1.21363548e-01  -7.49303625e-02
    3.02747026e-01  -5.43352213e-02  -3.07976073e-01   1.25533662e-02
   -1.11881746e-01   6.14939081e-02   2.74054750e-01  -8.37776593e-02
    1.44817528e-01   2.58207136e-02  -1.04551612e-01   6.82317779e-02
   -1.99512990e-01  -3.33232667e-01   2.33882070e-01  -2.70122333e-01
    1.31498408e-01  -3.04451450e-01  -8.29193538e-02   1.63679700e-01
    3.16959503e-01   4.85700304e-02   7.26289208e-02   2.76592626e-02
   -4.21681851e-02  -8.06503360e-02]
 [ -1.96205337e-01   3.14239821e-01  -5.99147209e-02   3.83296020e-01
    8.04173228e-02   2.22532584e-01   8.32774213e-02  -7.21813661e-02
    1.56707541e-01   2.60427503e-01  -1.67730826e-01  -2.12298171e-01
    1.81182261e-01  -1.86066212e-01   5.24760623e-03  -3.40607437e-02
    2.10625817e-02  -2.17691120e-01  -1.40538666e-01  -2.90428903e-01
   -4.03530793e-01  -6.54732539e-02  -8.62965195e-02   1.06316599e-01
   -5.76442761e-03   3.96968145e-02   2.60670921e-01   3.62562441e-02
    3.27623938e-02   1.20603626e-02]
 [  2.17147571e-01   3.72680581e-01   1.16159100e-01  -1.31740356e-01
   -1.67215440e-01   7.27442556e-02   6.28022573e-03  -4.06631691e-01
    1.00748598e-01  -2.24413911e-01   2.86887696e-01  -2.68870553e-02
    1.51077524e-02  -1.38380599e-01   2.33671821e-01  -4.15618664e-01
    9.96961638e-02   2.47484549e-02   2.29087001e-01   1.19056572e-02
   -1.84205666e-02  -8.73326036e-02   4.85891400e-02  -2.43502880e-01
   -6.80451382e-02   1.34767200e-01   1.72455696e-01  -7.38124452e-02
    2.77360037e-03  -5.85101307e-02]
 [  9.17753681e-02   3.60579530e-01  -7.14621342e-02  -9.64956579e-03
   -2.98725448e-01   5.02938959e-03   1.97937782e-01  -9.12547762e-02
   -3.62152282e-01   2.40551460e-01  -8.49962296e-02   2.74846541e-01
    7.61092780e-02   1.19947571e-01  -3.27271899e-01  -3.59784099e-02
   -1.84973293e-01   3.82235244e-02   1.11849444e-01  -1.54583135e-01
    9.15805590e-02   9.94546422e-02  -1.38328014e-01  -3.76307459e-02
   -6.64009781e-02   4.10437929e-02  -1.75673591e-01   3.56134087e-01
    8.89826224e-02  -1.91336027e-01]] [[  2.47840246e+02   0.00000000e+00   0.00000000e+00   0.00000000e+00
    0.00000000e+00   0.00000000e+00   0.00000000e+00   0.00000000e+00
    0.00000000e+00   0.00000000e+00   0.00000000e+00   0.00000000e+00
    0.00000000e+00   0.00000000e+00   0.00000000e+00   0.00000000e+00
    0.00000000e+00   0.00000000e+00   0.00000000e+00   0.00000000e+00
    0.00000000e+00   0.00000000e+00   0.00000000e+00   0.00000000e+00
    0.00000000e+00   0.00000000e+00   0.00000000e+00   0.00000000e+00
    0.00000000e+00   0.00000000e+00]
 [  0.00000000e+00   8.47070857e+00   0.00000000e+00   0.00000000e+00
    0.00000000e+00   0.00000000e+00   0.00000000e+00   0.00000000e+00
    0.00000000e+00   0.00000000e+00   0.00000000e+00   0.00000000e+00
    0.00000000e+00   0.00000000e+00   0.00000000e+00   0.00000000e+00
    0.00000000e+00   0.00000000e+00   0.00000000e+00   0.00000000e+00
    0.00000000e+00   0.00000000e+00   0.00000000e+00   0.00000000e+00
    0.00000000e+00   0.00000000e+00   0.00000000e+00   0.00000000e+00
    0.00000000e+00   0.00000000e+00]
 [  0.00000000e+00   0.00000000e+00   7.36883692e+00   0.00000000e+00
    0.00000000e+00   0.00000000e+00   0.00000000e+00   0.00000000e+00
    0.00000000e+00   0.00000000e+00   0.00000000e+00   0.00000000e+00
    0.00000000e+00   0.00000000e+00   0.00000000e+00   0.00000000e+00
    0.00000000e+00   0.00000000e+00   0.00000000e+00   0.00000000e+00
    0.00000000e+00   0.00000000e+00   0.00000000e+00   0.00000000e+00
    0.00000000e+00   0.00000000e+00   0.00000000e+00   0.00000000e+00
    0.00000000e+00   0.00000000e+00]
 [  0.00000000e+00   0.00000000e+00   0.00000000e+00   6.27713806e+00
    0.00000000e+00   0.00000000e+00   0.00000000e+00   0.00000000e+00
    0.00000000e+00   0.00000000e+00   0.00000000e+00   0.00000000e+00
    0.00000000e+00   0.00000000e+00   0.00000000e+00   0.00000000e+00
    0.00000000e+00   0.00000000e+00   0.00000000e+00   0.00000000e+00
    0.00000000e+00   0.00000000e+00   0.00000000e+00   0.00000000e+00
    0.00000000e+00   0.00000000e+00   0.00000000e+00   0.00000000e+00
    0.00000000e+00   0.00000000e+00]
 [  0.00000000e+00   0.00000000e+00   0.00000000e+00   0.00000000e+00
    6.09038584e+00   0.00000000e+00   0.00000000e+00   0.00000000e+00
    0.00000000e+00   0.00000000e+00   0.00000000e+00   0.00000000e+00
    0.00000000e+00   0.00000000e+00   0.00000000e+00   0.00000000e+00
    0.00000000e+00   0.00000000e+00   0.00000000e+00   0.00000000e+00
    0.00000000e+00   0.00000000e+00   0.00000000e+00   0.00000000e+00
    0.00000000e+00   0.00000000e+00   0.00000000e+00   0.00000000e+00
    0.00000000e+00   0.00000000e+00]
 [  0.00000000e+00   0.00000000e+00   0.00000000e+00   0.00000000e+00
    0.00000000e+00   5.57147217e+00   0.00000000e+00   0.00000000e+00
    0.00000000e+00   0.00000000e+00   0.00000000e+00   0.00000000e+00
    0.00000000e+00   0.00000000e+00   0.00000000e+00   0.00000000e+00
    0.00000000e+00   0.00000000e+00   0.00000000e+00   0.00000000e+00
    0.00000000e+00   0.00000000e+00   0.00000000e+00   0.00000000e+00
    0.00000000e+00   0.00000000e+00   0.00000000e+00   0.00000000e+00
    0.00000000e+00   0.00000000e+00]
 [  0.00000000e+00   0.00000000e+00   0.00000000e+00   0.00000000e+00
    0.00000000e+00   0.00000000e+00   4.81705781e+00   0.00000000e+00
    0.00000000e+00   0.00000000e+00   0.00000000e+00   0.00000000e+00
    0.00000000e+00   0.00000000e+00   0.00000000e+00   0.00000000e+00
    0.00000000e+00   0.00000000e+00   0.00000000e+00   0.00000000e+00
    0.00000000e+00   0.00000000e+00   0.00000000e+00   0.00000000e+00
    0.00000000e+00   0.00000000e+00   0.00000000e+00   0.00000000e+00
    0.00000000e+00   0.00000000e+00]
 [  0.00000000e+00   0.00000000e+00   0.00000000e+00   0.00000000e+00
    0.00000000e+00   0.00000000e+00   0.00000000e+00   4.44910475e+00
    0.00000000e+00   0.00000000e+00   0.00000000e+00   0.00000000e+00
    0.00000000e+00   0.00000000e+00   0.00000000e+00   0.00000000e+00
    0.00000000e+00   0.00000000e+00   0.00000000e+00   0.00000000e+00
    0.00000000e+00   0.00000000e+00   0.00000000e+00   0.00000000e+00
    0.00000000e+00   0.00000000e+00   0.00000000e+00   0.00000000e+00
    0.00000000e+00   0.00000000e+00]
 [  0.00000000e+00   0.00000000e+00   0.00000000e+00   0.00000000e+00
    0.00000000e+00   0.00000000e+00   0.00000000e+00   0.00000000e+00
    4.36508647e+00   0.00000000e+00   0.00000000e+00   0.00000000e+00
    0.00000000e+00   0.00000000e+00   0.00000000e+00   0.00000000e+00
    0.00000000e+00   0.00000000e+00   0.00000000e+00   0.00000000e+00
    0.00000000e+00   0.00000000e+00   0.00000000e+00   0.00000000e+00
    0.00000000e+00   0.00000000e+00   0.00000000e+00   0.00000000e+00
    0.00000000e+00   0.00000000e+00]
 [  0.00000000e+00   0.00000000e+00   0.00000000e+00   0.00000000e+00
    0.00000000e+00   0.00000000e+00   0.00000000e+00   0.00000000e+00
    0.00000000e+00   3.27886325e+00   0.00000000e+00   0.00000000e+00
    0.00000000e+00   0.00000000e+00   0.00000000e+00   0.00000000e+00
    0.00000000e+00   0.00000000e+00   0.00000000e+00   0.00000000e+00
    0.00000000e+00   0.00000000e+00   0.00000000e+00   0.00000000e+00
    0.00000000e+00   0.00000000e+00   0.00000000e+00   0.00000000e+00
    0.00000000e+00   0.00000000e+00]
 [  0.00000000e+00   0.00000000e+00   0.00000000e+00   0.00000000e+00
    0.00000000e+00   0.00000000e+00   0.00000000e+00   0.00000000e+00
    0.00000000e+00   0.00000000e+00   3.03587368e+00   0.00000000e+00
    0.00000000e+00   0.00000000e+00   0.00000000e+00   0.00000000e+00
    0.00000000e+00   0.00000000e+00   0.00000000e+00   0.00000000e+00
    0.00000000e+00   0.00000000e+00   0.00000000e+00   0.00000000e+00
    0.00000000e+00   0.00000000e+00   0.00000000e+00   0.00000000e+00
    0.00000000e+00   0.00000000e+00]
 [  0.00000000e+00   0.00000000e+00   0.00000000e+00   0.00000000e+00
    0.00000000e+00   0.00000000e+00   0.00000000e+00   0.00000000e+00
    0.00000000e+00   0.00000000e+00   0.00000000e+00   2.98954840e+00
    0.00000000e+00   0.00000000e+00   0.00000000e+00   0.00000000e+00
    0.00000000e+00   0.00000000e+00   0.00000000e+00   0.00000000e+00
    0.00000000e+00   0.00000000e+00   0.00000000e+00   0.00000000e+00
    0.00000000e+00   0.00000000e+00   0.00000000e+00   0.00000000e+00
    0.00000000e+00   0.00000000e+00]
 [  0.00000000e+00   0.00000000e+00   0.00000000e+00   0.00000000e+00
    0.00000000e+00   0.00000000e+00   0.00000000e+00   0.00000000e+00
    0.00000000e+00   0.00000000e+00   0.00000000e+00   0.00000000e+00
    2.74528425e+00   0.00000000e+00   0.00000000e+00   0.00000000e+00
    0.00000000e+00   0.00000000e+00   0.00000000e+00   0.00000000e+00
    0.00000000e+00   0.00000000e+00   0.00000000e+00   0.00000000e+00
    0.00000000e+00   0.00000000e+00   0.00000000e+00   0.00000000e+00
    0.00000000e+00   0.00000000e+00]
 [  0.00000000e+00   0.00000000e+00   0.00000000e+00   0.00000000e+00
    0.00000000e+00   0.00000000e+00   0.00000000e+00   0.00000000e+00
    0.00000000e+00   0.00000000e+00   0.00000000e+00   0.00000000e+00
    0.00000000e+00   2.49312558e+00   0.00000000e+00   0.00000000e+00
    0.00000000e+00   0.00000000e+00   0.00000000e+00   0.00000000e+00
    0.00000000e+00   0.00000000e+00   0.00000000e+00   0.00000000e+00
    0.00000000e+00   0.00000000e+00   0.00000000e+00   0.00000000e+00
    0.00000000e+00   0.00000000e+00]
 [  0.00000000e+00   0.00000000e+00   0.00000000e+00   0.00000000e+00
    0.00000000e+00   0.00000000e+00   0.00000000e+00   0.00000000e+00
    0.00000000e+00   0.00000000e+00   0.00000000e+00   0.00000000e+00
    0.00000000e+00   0.00000000e+00   1.95312502e+00   0.00000000e+00
    0.00000000e+00   0.00000000e+00   0.00000000e+00   0.00000000e+00
    0.00000000e+00   0.00000000e+00   0.00000000e+00   0.00000000e+00
    0.00000000e+00   0.00000000e+00   0.00000000e+00   0.00000000e+00
    0.00000000e+00   0.00000000e+00]
 [  0.00000000e+00   0.00000000e+00   0.00000000e+00   0.00000000e+00
    0.00000000e+00   0.00000000e+00   0.00000000e+00   0.00000000e+00
    0.00000000e+00   0.00000000e+00   0.00000000e+00   0.00000000e+00
    0.00000000e+00   0.00000000e+00   0.00000000e+00   1.72402710e+00
    0.00000000e+00   0.00000000e+00   0.00000000e+00   0.00000000e+00
    0.00000000e+00   0.00000000e+00   0.00000000e+00   0.00000000e+00
    0.00000000e+00   0.00000000e+00   0.00000000e+00   0.00000000e+00
    0.00000000e+00   0.00000000e+00]
 [  0.00000000e+00   0.00000000e+00   0.00000000e+00   0.00000000e+00
    0.00000000e+00   0.00000000e+00   0.00000000e+00   0.00000000e+00
    0.00000000e+00   0.00000000e+00   0.00000000e+00   0.00000000e+00
    0.00000000e+00   0.00000000e+00   0.00000000e+00   0.00000000e+00
    1.52771537e+00   0.00000000e+00   0.00000000e+00   0.00000000e+00
    0.00000000e+00   0.00000000e+00   0.00000000e+00   0.00000000e+00
    0.00000000e+00   0.00000000e+00   0.00000000e+00   0.00000000e+00
    0.00000000e+00   0.00000000e+00]
 [  0.00000000e+00   0.00000000e+00   0.00000000e+00   0.00000000e+00
    0.00000000e+00   0.00000000e+00   0.00000000e+00   0.00000000e+00
    0.00000000e+00   0.00000000e+00   0.00000000e+00   0.00000000e+00
    0.00000000e+00   0.00000000e+00   0.00000000e+00   0.00000000e+00
    0.00000000e+00   1.32041829e+00   0.00000000e+00   0.00000000e+00
    0.00000000e+00   0.00000000e+00   0.00000000e+00   0.00000000e+00
    0.00000000e+00   0.00000000e+00   0.00000000e+00   0.00000000e+00
    0.00000000e+00   0.00000000e+00]
 [  0.00000000e+00   0.00000000e+00   0.00000000e+00   0.00000000e+00
    0.00000000e+00   0.00000000e+00   0.00000000e+00   0.00000000e+00
    0.00000000e+00   0.00000000e+00   0.00000000e+00   0.00000000e+00
    0.00000000e+00   0.00000000e+00   0.00000000e+00   0.00000000e+00
    0.00000000e+00   0.00000000e+00   1.08360317e+00   0.00000000e+00
    0.00000000e+00   0.00000000e+00   0.00000000e+00   0.00000000e+00
    0.00000000e+00   0.00000000e+00   0.00000000e+00   0.00000000e+00
    0.00000000e+00   0.00000000e+00]
 [  0.00000000e+00   0.00000000e+00   0.00000000e+00   0.00000000e+00
    0.00000000e+00   0.00000000e+00   0.00000000e+00   0.00000000e+00
    0.00000000e+00   0.00000000e+00   0.00000000e+00   0.00000000e+00
    0.00000000e+00   0.00000000e+00   0.00000000e+00   0.00000000e+00
    0.00000000e+00   0.00000000e+00   0.00000000e+00   8.62057618e-01
    0.00000000e+00   0.00000000e+00   0.00000000e+00   0.00000000e+00
    0.00000000e+00   0.00000000e+00   0.00000000e+00   0.00000000e+00
    0.00000000e+00   0.00000000e+00]
 [  0.00000000e+00   0.00000000e+00   0.00000000e+00   0.00000000e+00
    0.00000000e+00   0.00000000e+00   0.00000000e+00   0.00000000e+00
    0.00000000e+00   0.00000000e+00   0.00000000e+00   0.00000000e+00
    0.00000000e+00   0.00000000e+00   0.00000000e+00   0.00000000e+00
    0.00000000e+00   0.00000000e+00   0.00000000e+00   0.00000000e+00
    7.35345392e-01   0.00000000e+00   0.00000000e+00   0.00000000e+00
    0.00000000e+00   0.00000000e+00   0.00000000e+00   0.00000000e+00
    0.00000000e+00   0.00000000e+00]
 [  0.00000000e+00   0.00000000e+00   0.00000000e+00   0.00000000e+00
    0.00000000e+00   0.00000000e+00   0.00000000e+00   0.00000000e+00
    0.00000000e+00   0.00000000e+00   0.00000000e+00   0.00000000e+00
    0.00000000e+00   0.00000000e+00   0.00000000e+00   0.00000000e+00
    0.00000000e+00   0.00000000e+00   0.00000000e+00   0.00000000e+00
    0.00000000e+00   6.73673813e-01   0.00000000e+00   0.00000000e+00
    0.00000000e+00   0.00000000e+00   0.00000000e+00   0.00000000e+00
    0.00000000e+00   0.00000000e+00]
 [  0.00000000e+00   0.00000000e+00   0.00000000e+00   0.00000000e+00
    0.00000000e+00   0.00000000e+00   0.00000000e+00   0.00000000e+00
    0.00000000e+00   0.00000000e+00   0.00000000e+00   0.00000000e+00
    0.00000000e+00   0.00000000e+00   0.00000000e+00   0.00000000e+00
    0.00000000e+00   0.00000000e+00   0.00000000e+00   0.00000000e+00
    0.00000000e+00   0.00000000e+00   5.04241194e-01   0.00000000e+00
    0.00000000e+00   0.00000000e+00   0.00000000e+00   0.00000000e+00
    0.00000000e+00   0.00000000e+00]
 [  0.00000000e+00   0.00000000e+00   0.00000000e+00   0.00000000e+00
    0.00000000e+00   0.00000000e+00   0.00000000e+00   0.00000000e+00
    0.00000000e+00   0.00000000e+00   0.00000000e+00   0.00000000e+00
    0.00000000e+00   0.00000000e+00   0.00000000e+00   0.00000000e+00
    0.00000000e+00   0.00000000e+00   0.00000000e+00   0.00000000e+00
    0.00000000e+00   0.00000000e+00   0.00000000e+00   3.52459244e-01
    0.00000000e+00   0.00000000e+00   0.00000000e+00   0.00000000e+00
    0.00000000e+00   0.00000000e+00]
 [  0.00000000e+00   0.00000000e+00   0.00000000e+00   0.00000000e+00
    0.00000000e+00   0.00000000e+00   0.00000000e+00   0.00000000e+00
    0.00000000e+00   0.00000000e+00   0.00000000e+00   0.00000000e+00
    0.00000000e+00   0.00000000e+00   0.00000000e+00   0.00000000e+00
    0.00000000e+00   0.00000000e+00   0.00000000e+00   0.00000000e+00
    0.00000000e+00   0.00000000e+00   0.00000000e+00   0.00000000e+00
    3.32691476e-01   0.00000000e+00   0.00000000e+00   0.00000000e+00
    0.00000000e+00   0.00000000e+00]
 [  0.00000000e+00   0.00000000e+00   0.00000000e+00   0.00000000e+00
    0.00000000e+00   0.00000000e+00   0.00000000e+00   0.00000000e+00
    0.00000000e+00   0.00000000e+00   0.00000000e+00   0.00000000e+00
    0.00000000e+00   0.00000000e+00   0.00000000e+00   0.00000000e+00
    0.00000000e+00   0.00000000e+00   0.00000000e+00   0.00000000e+00
    0.00000000e+00   0.00000000e+00   0.00000000e+00   0.00000000e+00
    0.00000000e+00   2.22380266e-01   0.00000000e+00   0.00000000e+00
    0.00000000e+00   0.00000000e+00]
 [  0.00000000e+00   0.00000000e+00   0.00000000e+00   0.00000000e+00
    0.00000000e+00   0.00000000e+00   0.00000000e+00   0.00000000e+00
    0.00000000e+00   0.00000000e+00   0.00000000e+00   0.00000000e+00
    0.00000000e+00   0.00000000e+00   0.00000000e+00   0.00000000e+00
    0.00000000e+00   0.00000000e+00   0.00000000e+00   0.00000000e+00
    0.00000000e+00   0.00000000e+00   0.00000000e+00   0.00000000e+00
    0.00000000e+00   0.00000000e+00   1.31976985e-01   0.00000000e+00
    0.00000000e+00   0.00000000e+00]
 [  0.00000000e+00   0.00000000e+00   0.00000000e+00   0.00000000e+00
    0.00000000e+00   0.00000000e+00   0.00000000e+00   0.00000000e+00
    0.00000000e+00   0.00000000e+00   0.00000000e+00   0.00000000e+00
    0.00000000e+00   0.00000000e+00   0.00000000e+00   0.00000000e+00
    0.00000000e+00   0.00000000e+00   0.00000000e+00   0.00000000e+00
    0.00000000e+00   0.00000000e+00   0.00000000e+00   0.00000000e+00
    0.00000000e+00   0.00000000e+00   0.00000000e+00   7.04330141e-02
    0.00000000e+00   0.00000000e+00]
 [  0.00000000e+00   0.00000000e+00   0.00000000e+00   0.00000000e+00
    0.00000000e+00   0.00000000e+00   0.00000000e+00   0.00000000e+00
    0.00000000e+00   0.00000000e+00   0.00000000e+00   0.00000000e+00
    0.00000000e+00   0.00000000e+00   0.00000000e+00   0.00000000e+00
    0.00000000e+00   0.00000000e+00   0.00000000e+00   0.00000000e+00
    0.00000000e+00   0.00000000e+00   0.00000000e+00   0.00000000e+00
    0.00000000e+00   0.00000000e+00   0.00000000e+00   0.00000000e+00
    1.16355903e-02   0.00000000e+00]
 [  0.00000000e+00   0.00000000e+00   0.00000000e+00   0.00000000e+00
    0.00000000e+00   0.00000000e+00   0.00000000e+00   0.00000000e+00
    0.00000000e+00   0.00000000e+00   0.00000000e+00   0.00000000e+00
    0.00000000e+00   0.00000000e+00   0.00000000e+00   0.00000000e+00
    0.00000000e+00   0.00000000e+00   0.00000000e+00   0.00000000e+00
    0.00000000e+00   0.00000000e+00   0.00000000e+00   0.00000000e+00
    0.00000000e+00   0.00000000e+00   0.00000000e+00   0.00000000e+00
    0.00000000e+00   1.89018299e-03]]
