[[ 0.08416585 -0.10207516 -0.03270304 ...,  0.11670859 -0.13792793
   0.0715495 ]
 [ 0.07393133  0.01283521 -0.02916263 ..., -0.07850753 -0.07806771
  -0.00286633]
 [ 0.07795132 -0.15469648 -0.11607425 ..., -0.09783061  0.12712558
   0.04933786]
 ..., 
 [ 0.0688348  -0.0261504   0.04898118 ..., -0.05140538  0.0049928
   0.12728234]
 [ 0.08066721  0.09105376  0.00615806 ..., -0.08769258 -0.04969544
  -0.01901692]
 [ 0.0732682   0.02699967 -0.09993985 ...,  0.02317931  0.0236309
  -0.04860631]] [[ 0.07645289  0.08209486  0.0716126  ...,  0.07649801  0.08001054
   0.07204588]
 [-0.06295228  0.03681693 -0.01326928 ...,  0.00932463  0.02169193
  -0.00621762]
 [ 0.09445768  0.0828777  -0.08610026 ...,  0.05249726 -0.01320044
  -0.03006737]
 ..., 
 [-0.01223574 -0.00283656 -0.13425418 ...,  0.01402424  0.09475589
  -0.0645187 ]
 [-0.0064205  -0.01263727  0.00921466 ...,  0.03508477  0.17302659
  -0.08052447]
 [ 0.11598915 -0.02043141 -0.01318576 ...,  0.06478945  0.0064691
  -0.07084707]] [[  7.28630575e+03   0.00000000e+00   0.00000000e+00 ...,   0.00000000e+00
    0.00000000e+00   0.00000000e+00]
 [  0.00000000e+00   5.27965138e+01   0.00000000e+00 ...,   0.00000000e+00
    0.00000000e+00   0.00000000e+00]
 [  0.00000000e+00   0.00000000e+00   5.06870223e+01 ...,   0.00000000e+00
    0.00000000e+00   0.00000000e+00]
 ..., 
 [  0.00000000e+00   0.00000000e+00   0.00000000e+00 ...,   8.36897506e-03
    0.00000000e+00   0.00000000e+00]
 [  0.00000000e+00   0.00000000e+00   0.00000000e+00 ...,   0.00000000e+00
    4.51383046e-03   0.00000000e+00]
 [  0.00000000e+00   0.00000000e+00   0.00000000e+00 ...,   0.00000000e+00
    0.00000000e+00   3.14787936e-03]]
