[[-0.03159269  0.00028362  0.04909596 ...,  0.00014723  0.0030547
   0.00217021]
 [-0.03100032  0.03587846 -0.00015516 ...,  0.02010642  0.06508877
  -0.04954816]
 [-0.03114521  0.02323497 -0.01583499 ...,  0.02417453 -0.02085461
   0.02663185]
 ..., 
 [-0.03114742  0.0101031  -0.03107576 ...,  0.0018903   0.04778543
   0.00242852]
 [-0.03124446  0.03580257 -0.02357592 ...,  0.04111929 -0.03625633
   0.00529716]
 [-0.03159413 -0.02360488 -0.01837886 ...,  0.0190676  -0.04715341
  -0.00295269]] [[ -3.17854672e-02  -3.14772355e-02  -3.27720420e-02 ...,  -3.16447367e-02
   -3.20226559e-02  -3.13609622e-02]
 [ -2.06898591e-02  -3.74207330e-02  -2.79507518e-03 ...,   4.54536449e-02
   -1.00251763e-02  -4.80847269e-04]
 [  1.57632283e-02  -1.25419922e-02  -3.39816404e-02 ...,  -2.73824645e-03
    5.84035234e-03   3.94202439e-02]
 ..., 
 [  7.73762150e-03  -6.19849729e-03   1.71462391e-02 ...,  -9.38512423e-03
    1.58182255e-02  -6.29975402e-03]
 [  2.46608932e-04  -8.90240975e-03  -3.97602991e-03 ...,   1.55316664e-02
   -1.99598716e-02   3.03462287e-02]
 [ -2.70703457e-05   3.24201933e-02  -3.81727458e-02 ...,   4.45975788e-02
    2.14027224e-02   6.17215104e-02]] [[  2.45080435e+05   0.00000000e+00   0.00000000e+00 ...,   0.00000000e+00
    0.00000000e+00   0.00000000e+00]
 [  0.00000000e+00   3.23060687e+02   0.00000000e+00 ...,   0.00000000e+00
    0.00000000e+00   0.00000000e+00]
 [  0.00000000e+00   0.00000000e+00   3.19610367e+02 ...,   0.00000000e+00
    0.00000000e+00   0.00000000e+00]
 ..., 
 [  0.00000000e+00   0.00000000e+00   0.00000000e+00 ...,   1.71065431e-04
    0.00000000e+00   0.00000000e+00]
 [  0.00000000e+00   0.00000000e+00   0.00000000e+00 ...,   0.00000000e+00
    1.21311926e-04   0.00000000e+00]
 [  0.00000000e+00   0.00000000e+00   0.00000000e+00 ...,   0.00000000e+00
    0.00000000e+00   8.52434234e-06]]
