[[ 0.0735695   0.02459988 -0.05973258 ..., -0.02433199  0.0115264
  -0.02217801]
 [ 0.07003963  0.02724732 -0.05546828 ...,  0.02070657 -0.01175135
  -0.08572929]
 [ 0.07353601 -0.00109021  0.01324013 ..., -0.0733048   0.02951141
  -0.0210149 ]
 ..., 
 [ 0.07285358  0.04147833 -0.00978297 ..., -0.05794237 -0.04065732
   0.02174517]
 [ 0.06688929 -0.02965714  0.01865583 ...,  0.13485012  0.03736967
  -0.01226227]
 [ 0.0762579   0.07332814 -0.08470392 ...,  0.07216416  0.16339038
  -0.00336913]] [[  7.18438905e-02   7.12463243e-02   7.31983456e-02 ...,   6.97612574e-02
    7.77701861e-02   7.28631621e-02]
 [  1.35005547e-01   1.16270882e-01  -4.19526599e-02 ...,   7.65950124e-02
   -1.16456385e-01   1.24063477e-02]
 [ -2.93631695e-02  -2.39608776e-02   3.02386897e-02 ...,   2.03758738e-03
    4.54925438e-03   9.41141335e-02]
 ..., 
 [  2.27175991e-02   2.58267345e-02  -4.56253724e-02 ...,  -4.08456684e-03
    7.22159289e-02   6.83223816e-02]
 [ -1.35484756e-03  -1.35876092e-01  -7.58778368e-02 ...,  -9.68610122e-02
   -1.32241212e-02   1.24049565e-01]
 [  4.30081676e-05   1.35942456e-01   8.15265149e-03 ...,   6.12804629e-02
    9.86550059e-02   4.18436730e-02]] [[  9.03106842e+03   0.00000000e+00   0.00000000e+00 ...,   0.00000000e+00
    0.00000000e+00   0.00000000e+00]
 [  0.00000000e+00   6.04672713e+01   0.00000000e+00 ...,   0.00000000e+00
    0.00000000e+00   0.00000000e+00]
 [  0.00000000e+00   0.00000000e+00   5.87815819e+01 ...,   0.00000000e+00
    0.00000000e+00   0.00000000e+00]
 ..., 
 [  0.00000000e+00   0.00000000e+00   0.00000000e+00 ...,   9.31392733e-03
    0.00000000e+00   0.00000000e+00]
 [  0.00000000e+00   0.00000000e+00   0.00000000e+00 ...,   0.00000000e+00
    4.42611036e-04   0.00000000e+00]
 [  0.00000000e+00   0.00000000e+00   0.00000000e+00 ...,   0.00000000e+00
    0.00000000e+00   3.98510442e-06]]
