[[-0.03371243 -0.01521818  0.01437653 ..., -0.00394671 -0.0303242
  -0.00067867]
 [-0.03314738  0.01159327 -0.05877259 ...,  0.06379432  0.00720939
   0.03424126]
 [-0.03353352 -0.01470768 -0.01996716 ...,  0.07568047  0.00429437
   0.02010742]
 ..., 
 [-0.0341249   0.00248428 -0.02481996 ...,  0.06961193  0.04089723
   0.02179308]
 [-0.03525687  0.01642142  0.00738797 ..., -0.04751232 -0.02481715
   0.01849835]
 [-0.03363385 -0.02453323  0.01688658 ...,  0.01856253  0.02886165
  -0.04945274]] [[ -3.40158048e-02  -3.39428784e-02  -3.47357472e-02 ...,  -3.39457357e-02
   -3.40747079e-02  -3.48674697e-02]
 [ -1.94272127e-02   2.71899762e-02  -3.65123180e-02 ...,   5.35448743e-02
   -1.08819001e-02  -2.23345483e-02]
 [  3.18819780e-02   2.60857789e-02  -2.86139882e-02 ...,   1.51276386e-02
    7.01446211e-02   9.21700404e-03]
 ..., 
 [  2.79335759e-02   5.04116997e-02   4.67770925e-02 ...,  -7.05433821e-02
   -2.28858057e-02   3.28621110e-02]
 [ -2.65215791e-03   1.95205285e-02   1.42006029e-02 ...,  -1.32797728e-02
   -1.69356218e-02   1.46402424e-02]
 [ -4.48621405e-05  -3.02043180e-02  -4.31595150e-02 ...,   1.78264174e-02
    3.31533076e-04  -1.68517592e-02]] [[  1.89775615e+05   0.00000000e+00   0.00000000e+00 ...,   0.00000000e+00
    0.00000000e+00   0.00000000e+00]
 [  0.00000000e+00   2.90781130e+02   0.00000000e+00 ...,   0.00000000e+00
    0.00000000e+00   0.00000000e+00]
 [  0.00000000e+00   0.00000000e+00   2.84550138e+02 ...,   0.00000000e+00
    0.00000000e+00   0.00000000e+00]
 ..., 
 [  0.00000000e+00   0.00000000e+00   0.00000000e+00 ...,   7.31840237e-04
    0.00000000e+00   0.00000000e+00]
 [  0.00000000e+00   0.00000000e+00   0.00000000e+00 ...,   0.00000000e+00
    3.51280039e-04   0.00000000e+00]
 [  0.00000000e+00   0.00000000e+00   0.00000000e+00 ...,   0.00000000e+00
    0.00000000e+00   7.00483604e-06]]
