[[-0.03654444 -0.04017811 -0.04093038 ..., -0.00982789  0.00201572
   0.00809002]
 [-0.03789696  0.04657449  0.00664433 ..., -0.04526368 -0.05019708
   0.00973055]
 [-0.03756863  0.01984472 -0.08155794 ...,  0.01715681 -0.03257906
   0.0235946 ]
 ..., 
 [-0.03712516  0.01525075 -0.06294156 ...,  0.01116739  0.01946687
   0.0384223 ]
 [-0.03753163 -0.05087354 -0.02452468 ..., -0.01250147 -0.06993758
  -0.01030018]
 [-0.03817025 -0.0131243  -0.01805789 ..., -0.00804058 -0.02189299
   0.00598977]] [[ 0.03862594  0.03872612  0.0386014  ...,  0.03876467  0.03671558
   0.03843235]
 [-0.09549653 -0.04263264 -0.06153182 ...,  0.03976113 -0.03083716
  -0.04612582]
 [-0.04185581  0.01548563 -0.00195653 ..., -0.03373698 -0.04449988
  -0.00312984]
 ..., 
 [ 0.04397579 -0.03916698 -0.03344825 ..., -0.00441053  0.00521687
   0.02696889]
 [-0.02715628  0.01827695  0.01691739 ..., -0.03374099  0.01557524
   0.02452365]
 [-0.02925432  0.00883723 -0.03642405 ...,  0.05520429  0.00941737
  -0.04196514]] [[  1.19483873e+05   0.00000000e+00   0.00000000e+00 ...,   0.00000000e+00
    0.00000000e+00   0.00000000e+00]
 [  0.00000000e+00   2.22363605e+02   0.00000000e+00 ...,   0.00000000e+00
    0.00000000e+00   0.00000000e+00]
 [  0.00000000e+00   0.00000000e+00   2.22341281e+02 ...,   0.00000000e+00
    0.00000000e+00   0.00000000e+00]
 ..., 
 [  0.00000000e+00   0.00000000e+00   0.00000000e+00 ...,   1.14834534e-03
    0.00000000e+00   0.00000000e+00]
 [  0.00000000e+00   0.00000000e+00   0.00000000e+00 ...,   0.00000000e+00
    2.58863668e-04   0.00000000e+00]
 [  0.00000000e+00   0.00000000e+00   0.00000000e+00 ...,   0.00000000e+00
    0.00000000e+00   2.55639128e-05]]
