[[ 0.03280917 -0.02471902 -0.00398343 ..., -0.0350067  -0.01796675
  -0.00178993]
 [ 0.03203628 -0.01249266 -0.04793656 ..., -0.01401169 -0.00776861
   0.01433468]
 [ 0.03289981  0.0412536  -0.01506787 ...,  0.05090806 -0.02998551
   0.01832402]
 ..., 
 [ 0.03332193 -0.01941863  0.02293115 ...,  0.01622737 -0.03723962
   0.03048977]
 [ 0.03198347 -0.01354113  0.03704774 ..., -0.01146429 -0.0079652
   0.03781667]
 [ 0.03248174  0.02519186  0.03131927 ...,  0.07859446 -0.02599058
  -0.01751166]] [[ 0.03200471  0.03162958  0.03218837 ...,  0.03223146  0.03245848
   0.03250821]
 [-0.01660487 -0.00834588 -0.00215132 ..., -0.00832871  0.07491476
   0.01666213]
 [-0.00173065 -0.04537547 -0.01386664 ..., -0.03072002  0.01687173
   0.02144117]
 ..., 
 [ 0.00013081 -0.00220946 -0.0749227  ..., -0.03284964 -0.03809517
   0.06167662]
 [ 0.01325838  0.02970523 -0.00191019 ...,  0.09161583  0.01709103
  -0.00283942]
 [ 0.00492496 -0.03072542 -0.01825624 ..., -0.02569561  0.00202921
  -0.03418385]] [[  2.25729125e+05   0.00000000e+00   0.00000000e+00 ...,   0.00000000e+00
    0.00000000e+00   0.00000000e+00]
 [  0.00000000e+00   3.11411522e+02   0.00000000e+00 ...,   0.00000000e+00
    0.00000000e+00   0.00000000e+00]
 [  0.00000000e+00   0.00000000e+00   3.04812703e+02 ...,   0.00000000e+00
    0.00000000e+00   0.00000000e+00]
 ..., 
 [  0.00000000e+00   0.00000000e+00   0.00000000e+00 ...,   1.95326736e-03
    0.00000000e+00   0.00000000e+00]
 [  0.00000000e+00   0.00000000e+00   0.00000000e+00 ...,   0.00000000e+00
    5.93683240e-04   0.00000000e+00]
 [  0.00000000e+00   0.00000000e+00   0.00000000e+00 ...,   0.00000000e+00
    0.00000000e+00   1.26546237e-04]]
