[[ 0.03916253 -0.01104798 -0.05110847 ...,  0.04071539  0.00773662
  -0.00429228]
 [ 0.03932248 -0.0643159   0.06148517 ...,  0.00424172 -0.05045957
   0.00779116]
 [ 0.04189392  0.01584115 -0.02977503 ..., -0.10515892  0.12661721
  -0.04437547]
 ..., 
 [ 0.03916344 -0.04865624  0.01659855 ..., -0.00847169  0.00770617
  -0.05272162]
 [ 0.04067529 -0.03155065 -0.0009192  ...,  0.0544538  -0.05826915
  -0.10278743]
 [ 0.03751999 -0.03904243  0.06907208 ..., -0.00356527 -0.07658462
  -0.0176488 ]] [[ 0.03944597  0.04082628  0.0397998  ...,  0.03929392  0.03983324
   0.04015063]
 [-0.0081025  -0.00143212  0.01421514 ...,  0.04797361  0.00663937
  -0.00509043]
 [-0.07872933 -0.09437781  0.03346263 ...,  0.03244392  0.00412058
   0.01120564]
 ..., 
 [ 0.00037219  0.04586053 -0.03389323 ..., -0.02728313 -0.0021532
   0.02227952]
 [ 0.03250524  0.06079134 -0.00323399 ..., -0.0136907   0.07087518
  -0.05243998]
 [-0.03617119 -0.03532669 -0.00205168 ..., -0.03874014  0.07423094
   0.03340654]] [[  9.92268617e+04   0.00000000e+00   0.00000000e+00 ...,   0.00000000e+00
    0.00000000e+00   0.00000000e+00]
 [  0.00000000e+00   2.07649025e+02   0.00000000e+00 ...,   0.00000000e+00
    0.00000000e+00   0.00000000e+00]
 [  0.00000000e+00   0.00000000e+00   2.02973494e+02 ...,   0.00000000e+00
    0.00000000e+00   0.00000000e+00]
 ..., 
 [  0.00000000e+00   0.00000000e+00   0.00000000e+00 ...,   1.91164222e-03
    0.00000000e+00   0.00000000e+00]
 [  0.00000000e+00   0.00000000e+00   0.00000000e+00 ...,   0.00000000e+00
    4.77676546e-04   0.00000000e+00]
 [  0.00000000e+00   0.00000000e+00   0.00000000e+00 ...,   0.00000000e+00
    0.00000000e+00   3.68850462e-05]]
