[[ 0.04863977  0.03850058 -0.00893888 ...,  0.03843103  0.00076825
   0.00931278]
 [ 0.04821845  0.04778263 -0.01514729 ...,  0.06824066  0.0192288
  -0.03032701]
 [ 0.04751267 -0.03054924  0.01339636 ..., -0.01687778  0.00461564
   0.07825333]
 ..., 
 [ 0.04765111  0.01069799 -0.00866571 ..., -0.07602612  0.04669856
   0.03354764]
 [ 0.04954424  0.12586847 -0.03960771 ..., -0.07281588 -0.08128274
   0.00584814]
 [ 0.04887738 -0.0444076   0.00685884 ..., -0.1129597  -0.01055322
   0.06997199]] [[ 0.04911493  0.04751945  0.04741795 ...,  0.04902891  0.04593793
   0.05010755]
 [-0.00764037 -0.04232461 -0.04011049 ..., -0.05343133 -0.02233603
  -0.0518383 ]
 [-0.05792987  0.04888763 -0.04509532 ...,  0.02283498 -0.01025137
   0.11967386]
 ..., 
 [ 0.01052893  0.07047882 -0.03006742 ...,  0.02812812  0.01505875
   0.03656035]
 [ 0.00187149  0.01228519  0.03311485 ..., -0.01185378  0.03072625
  -0.01854467]
 [ 0.00524299 -0.00043019 -0.00312971 ..., -0.01733354  0.00966035
   0.01913111]] [[  4.62644442e+04   0.00000000e+00   0.00000000e+00 ...,   0.00000000e+00
    0.00000000e+00   0.00000000e+00]
 [  0.00000000e+00   1.40896703e+02   0.00000000e+00 ...,   0.00000000e+00
    0.00000000e+00   0.00000000e+00]
 [  0.00000000e+00   0.00000000e+00   1.37069439e+02 ...,   0.00000000e+00
    0.00000000e+00   0.00000000e+00]
 ..., 
 [  0.00000000e+00   0.00000000e+00   0.00000000e+00 ...,   3.24555764e-03
    0.00000000e+00   0.00000000e+00]
 [  0.00000000e+00   0.00000000e+00   0.00000000e+00 ...,   0.00000000e+00
    7.25616105e-04   0.00000000e+00]
 [  0.00000000e+00   0.00000000e+00   0.00000000e+00 ...,   0.00000000e+00
    0.00000000e+00   7.36717371e-05]]
