[[ 0.0688029  -0.04666148 -0.09246359 ..., -0.05241487  0.08116514
  -0.00013385]
 [ 0.06600815  0.02038176 -0.02087856 ..., -0.00098714 -0.02838199
   0.01251568]
 [ 0.06433667  0.01211411 -0.03094196 ..., -0.06428045  0.00428248
  -0.0653723 ]
 ..., 
 [ 0.06616968 -0.014573   -0.00901967 ..., -0.02417298 -0.12981328
   0.05348714]
 [ 0.06260111 -0.01399703 -0.0439203  ...,  0.01093172 -0.13116045
  -0.08925478]
 [ 0.06904415 -0.10412105 -0.05508748 ..., -0.03286667 -0.00342095
   0.05267418]] [[ 0.06442093  0.06136092  0.06563914 ...,  0.06415007  0.0687679
   0.06630796]
 [ 0.12775255 -0.06502657  0.05956329 ...,  0.14070661 -0.01171571
   0.10935066]
 [ 0.03398969  0.04033669  0.08386494 ..., -0.11045119 -0.02580215
  -0.00898613]
 ..., 
 [ 0.00155886 -0.01483352  0.10534939 ...,  0.05847099  0.02308181
  -0.0691941 ]
 [-0.13907077  0.06387418 -0.02149284 ..., -0.02107803  0.01102859
  -0.04407495]
 [ 0.00258563 -0.00356146  0.14180905 ...,  0.0447818   0.01139416
  -0.12758781]] [[  1.31454932e+04   0.00000000e+00   0.00000000e+00 ...,   0.00000000e+00
    0.00000000e+00   0.00000000e+00]
 [  0.00000000e+00   7.44396092e+01   0.00000000e+00 ...,   0.00000000e+00
    0.00000000e+00   0.00000000e+00]
 [  0.00000000e+00   0.00000000e+00   7.18447580e+01 ...,   0.00000000e+00
    0.00000000e+00   0.00000000e+00]
 ..., 
 [  0.00000000e+00   0.00000000e+00   0.00000000e+00 ...,   5.58816014e-03
    0.00000000e+00   0.00000000e+00]
 [  0.00000000e+00   0.00000000e+00   0.00000000e+00 ...,   0.00000000e+00
    6.07773054e-04   0.00000000e+00]
 [  0.00000000e+00   0.00000000e+00   0.00000000e+00 ...,   0.00000000e+00
    0.00000000e+00   8.06125748e-05]]
