[[ 0.10467917 -0.15727232 -0.15440737 ..., -0.04710989 -0.06781725
  -0.03937391]
 [ 0.11586828 -0.19826497  0.00711139 ..., -0.1659993  -0.05423088
  -0.03130955]
 [ 0.10468766  0.09614115 -0.05028923 ...,  0.25568934  0.28421851
  -0.07070804]
 ..., 
 [ 0.10630415  0.15535402  0.18769125 ..., -0.02762689 -0.01512064
   0.02954528]
 [ 0.1043138   0.06008676 -0.08049089 ..., -0.08797084  0.16341231
  -0.12458964]
 [ 0.09357293 -0.04100594  0.10369607 ...,  0.19188698 -0.1073482
   0.01449345]] [[ 0.09865315  0.10588717  0.10991735 ...,  0.09643235  0.09893683
   0.11094388]
 [ 0.12951268  0.21079047 -0.0248651  ...,  0.03862044 -0.1123332
  -0.11418738]
 [-0.05983682 -0.02180295 -0.11553261 ...,  0.14514282 -0.10691309
   0.10558597]
 ..., 
 [ 0.06832206 -0.0504904   0.06506609 ...,  0.01961385 -0.12215296
  -0.0432596 ]
 [-0.04629576  0.06905357 -0.01529194 ...,  0.08976337  0.04376493
  -0.0342537 ]
 [-0.01108765  0.0797148   0.02488599 ...,  0.10307669 -0.23733916
   0.15850969]] [[  2.05461737e+03   0.00000000e+00   0.00000000e+00 ...,   0.00000000e+00
    0.00000000e+00   0.00000000e+00]
 [  0.00000000e+00   2.97717484e+01   0.00000000e+00 ...,   0.00000000e+00
    0.00000000e+00   0.00000000e+00]
 [  0.00000000e+00   0.00000000e+00   2.68281055e+01 ...,   0.00000000e+00
    0.00000000e+00   0.00000000e+00]
 ..., 
 [  0.00000000e+00   0.00000000e+00   0.00000000e+00 ...,   1.06544653e-02
    0.00000000e+00   0.00000000e+00]
 [  0.00000000e+00   0.00000000e+00   0.00000000e+00 ...,   0.00000000e+00
    2.67558782e-03   0.00000000e+00]
 [  0.00000000e+00   0.00000000e+00   0.00000000e+00 ...,   0.00000000e+00
    0.00000000e+00   1.06571079e-04]]
