[[-0.03860433 -0.02316709  0.02752902 ...,  0.006186   -0.01972305
   0.00415912]
 [-0.03930328  0.07812166 -0.02753356 ..., -0.04312751 -0.05375901
  -0.04260987]
 [-0.03891603  0.00762382 -0.01176041 ..., -0.01501682 -0.0660354
   0.02350118]
 ..., 
 [-0.03845136  0.03879123  0.01389006 ...,  0.01354521 -0.04177598
   0.07059877]
 [-0.03731064 -0.0343467   0.05889914 ...,  0.02368032  0.02609762
  -0.02543763]
 [-0.03755277  0.05992023  0.00521135 ...,  0.01813216  0.0468639
   0.04358826]] [[ 0.03943123  0.0402449   0.03882248 ...,  0.03851926  0.03956925
   0.03816906]
 [-0.00924642 -0.01410924  0.04354047 ...,  0.04011465  0.0293371
  -0.05212831]
 [ 0.0339192  -0.01610736 -0.01049947 ..., -0.01501515  0.05388608
  -0.07346119]
 ..., 
 [-0.0241416   0.03185858  0.02243619 ...,  0.02961517  0.02285858
  -0.07705226]
 [ 0.00274309 -0.02837604 -0.06482544 ..., -0.01071295  0.03863123
  -0.05800819]
 [ 0.03820042 -0.03205347 -0.02546066 ...,  0.01213848 -0.02375942
   0.00693379]] [[  1.05476614e+05   0.00000000e+00   0.00000000e+00 ...,   0.00000000e+00
    0.00000000e+00   0.00000000e+00]
 [  0.00000000e+00   2.11025089e+02   0.00000000e+00 ...,   0.00000000e+00
    0.00000000e+00   0.00000000e+00]
 [  0.00000000e+00   0.00000000e+00   2.09987023e+02 ...,   0.00000000e+00
    0.00000000e+00   0.00000000e+00]
 ..., 
 [  0.00000000e+00   0.00000000e+00   0.00000000e+00 ...,   1.79872636e-03
    0.00000000e+00   0.00000000e+00]
 [  0.00000000e+00   0.00000000e+00   0.00000000e+00 ...,   0.00000000e+00
    7.73788238e-04   0.00000000e+00]
 [  0.00000000e+00   0.00000000e+00   0.00000000e+00 ...,   0.00000000e+00
    0.00000000e+00   9.85958516e-06]]
