[[  5.27489646e-02   5.95953100e-02  -3.42726883e-03 ...,  -7.88093936e-02
   -4.36518506e-02   2.31500810e-03]
 [  5.27935197e-02   2.18282057e-02  -3.47546409e-02 ...,   2.32379505e-02
   -6.13479139e-02  -1.10998889e-01]
 [  5.23170028e-02  -3.47515279e-02   8.18388065e-02 ...,  -3.28805578e-02
    5.26003920e-02  -4.95633812e-05]
 ..., 
 [  5.07993914e-02  -1.15351530e-01  -6.17764007e-02 ...,  -1.34196909e-02
    2.18400534e-02   1.08833769e-01]
 [  5.38109841e-02   5.83119669e-02   4.10920207e-02 ...,   1.95537193e-02
    6.09042134e-02   1.25772656e-01]
 [  5.27630243e-02   1.30520937e-02   5.32880237e-03 ...,  -9.64344113e-02
    7.19886540e-02  -2.57714256e-03]] [[ 0.05143367  0.05224032  0.04911517 ...,  0.05475236  0.05245123
   0.05013068]
 [-0.0258702   0.10476794 -0.11531364 ...,  0.01544777  0.00218853
  -0.00670513]
 [-0.00813797 -0.02083477 -0.0301915  ...,  0.07019363  0.0448688
   0.0124891 ]
 ..., 
 [ 0.03886041 -0.02930251  0.01569914 ...,  0.05003904 -0.10487032
  -0.00129577]
 [-0.07345688 -0.02593318  0.03547005 ...,  0.02682271  0.06992329
   0.05916777]
 [-0.00206662  0.09768012  0.01545257 ...,  0.01882475 -0.05382194
  -0.03702913]] [[  3.42256891e+04   0.00000000e+00   0.00000000e+00 ...,   0.00000000e+00
    0.00000000e+00   0.00000000e+00]
 [  0.00000000e+00   1.21505182e+02   0.00000000e+00 ...,   0.00000000e+00
    0.00000000e+00   0.00000000e+00]
 [  0.00000000e+00   0.00000000e+00   1.17116065e+02 ...,   0.00000000e+00
    0.00000000e+00   0.00000000e+00]
 ..., 
 [  0.00000000e+00   0.00000000e+00   0.00000000e+00 ...,   1.98686568e-03
    0.00000000e+00   0.00000000e+00]
 [  0.00000000e+00   0.00000000e+00   0.00000000e+00 ...,   0.00000000e+00
    5.23278962e-04   0.00000000e+00]
 [  0.00000000e+00   0.00000000e+00   0.00000000e+00 ...,   0.00000000e+00
    0.00000000e+00   2.49488618e-05]]
