[[ 0.04051906 -0.00640516 -0.03883091 ...,  0.01728882  0.03233196
  -0.0144285 ]
 [ 0.04026414  0.0473933   0.04651543 ..., -0.07078024  0.01025229
   0.01627569]
 [ 0.03908817 -0.00528869  0.06823861 ..., -0.03725896 -0.05286434
  -0.05391164]
 ..., 
 [ 0.04184375 -0.04941342 -0.01258365 ..., -0.00558178 -0.02201027
   0.06579545]
 [ 0.03968782 -0.01185307 -0.00370218 ...,  0.10088542 -0.0315094
  -0.03498239]
 [ 0.04081897  0.00796791  0.0360366  ..., -0.0796081  -0.00448743
   0.0004915 ]] [[ 0.04121681  0.04054693  0.04001252 ...,  0.03966128  0.04116337
   0.04201331]
 [ 0.03424233 -0.03111998  0.01538    ..., -0.00831357  0.04706651
  -0.08626233]
 [-0.01635097  0.03818221 -0.01275564 ..., -0.01082131 -0.01773929
   0.01380256]
 ..., 
 [-0.00280004 -0.03755087 -0.01719592 ...,  0.0121762  -0.05658132
   0.02317068]
 [ 0.06698176  0.03160776 -0.02101181 ...,  0.11489456 -0.00363046
  -0.05839589]
 [ 0.00848329  0.02095034 -0.0468309  ..., -0.03228062  0.02667796
   0.07385518]] [[  9.32928860e+04   0.00000000e+00   0.00000000e+00 ...,   0.00000000e+00
    0.00000000e+00   0.00000000e+00]
 [  0.00000000e+00   2.05125888e+02   0.00000000e+00 ...,   0.00000000e+00
    0.00000000e+00   0.00000000e+00]
 [  0.00000000e+00   0.00000000e+00   1.96565424e+02 ...,   0.00000000e+00
    0.00000000e+00   0.00000000e+00]
 ..., 
 [  0.00000000e+00   0.00000000e+00   0.00000000e+00 ...,   1.83197827e-03
    0.00000000e+00   0.00000000e+00]
 [  0.00000000e+00   0.00000000e+00   0.00000000e+00 ...,   0.00000000e+00
    1.54374954e-03   0.00000000e+00]
 [  0.00000000e+00   0.00000000e+00   0.00000000e+00 ...,   0.00000000e+00
    0.00000000e+00   1.32607654e-04]]
