[[-0.35263276  0.12480074  0.12312414 -0.45585966 -0.20280659 -0.09740665
  -0.1688818   0.32806504 -0.57986736 -0.33777933]
 [-0.33221263 -0.57572585 -0.17760773 -0.14059968  0.09207585 -0.26714048
   0.34139406  0.38476098  0.37207891 -0.15487448]
 [-0.27836492  0.15256649  0.44142869 -0.15585155  0.26708959 -0.4463288
  -0.46743028 -0.06700449  0.35399002  0.2474906 ]
 [-0.33416454 -0.38763179 -0.39250474  0.37716482  0.21858476 -0.00222218
  -0.4990012  -0.20753484 -0.31871704  0.01801923]
 [-0.25805171  0.36690682  0.1019925   0.53410153  0.22626998  0.27885225
   0.00315485  0.60375007  0.0829518  -0.05253586]
 [-0.33109216  0.23602615 -0.30373154 -0.47987844  0.46062086  0.46131083
   0.14252326 -0.19573349  0.09128309  0.1421166 ]
 [-0.35012476  0.42247017 -0.35706515  0.18895783 -0.25870894 -0.48721942
   0.35498571 -0.15660196 -0.09609633  0.26766476]
 [-0.25229456  0.08351099 -0.18431502 -0.03030529 -0.63858708  0.29286341
  -0.34368156 -0.07847718  0.49288381 -0.18360385]
 [-0.25578177 -0.31412426  0.32635646 -0.00718311 -0.30366149  0.30766915
   0.11870552  0.08878767 -0.17468441  0.69998714]
 [-0.38503899 -0.07050844  0.48347211  0.23164167  0.03117101  0.10749548
   0.32998497 -0.50535154 -0.02290064 -0.42667176]] [[  2.74019256e-01   3.90342404e-01   3.52532327e-01   2.76084313e-01
    2.53628390e-01   3.25904163e-01   2.69354822e-01   2.78739596e-01
    3.63790637e-01   3.44836732e-01]
 [  4.86947021e-02  -1.62431097e-01  -2.83983159e-01   2.87623183e-01
   -9.53499763e-03   1.86857374e-01   4.06591512e-01  -2.86936474e-01
   -5.22982199e-01   5.01702363e-01]
 [  1.57782796e-01   5.96905090e-01  -2.47239406e-01   2.63663892e-01
   -4.74295034e-01   9.44115265e-02   6.02393994e-02   1.57853582e-01
   -2.66305927e-01  -3.93482185e-01]
 [  1.46495129e-01  -1.29575774e-01   3.24265759e-02  -4.10640580e-01
   -2.45101562e-01   5.88631293e-01  -3.96994932e-01   3.37070842e-01
   -2.38749360e-01   2.39348211e-01]
 [ -4.42584642e-01  -6.40233946e-03   9.47802287e-02   1.23068602e-01
    5.07602966e-02   6.72856752e-01   2.38193963e-02  -4.33965944e-01
    1.50475007e-01  -3.36302430e-01]
 [ -1.75427781e-01   3.32569420e-01   5.35877019e-01  -1.42304213e-01
   -4.40485862e-01  -2.03195598e-01  -1.11544497e-01  -4.18972169e-01
   -7.47799850e-02   3.49742564e-01]
 [ -5.48787557e-01   1.93215442e-01   2.62406021e-01  -3.03981454e-03
    3.82021855e-01  -7.59599912e-02   3.56956047e-02   3.97909418e-01
   -5.28019699e-01  -5.01233262e-02]
 [ -5.03147658e-01  -2.64797477e-01  -9.25493568e-02   2.26814950e-01
   -5.12608394e-01  -3.65857227e-02   1.98220977e-01   4.14991677e-01
    3.20701132e-01   1.95575002e-01]
 [  3.04506034e-01  -4.79650545e-01   5.94096803e-01   3.36498688e-01
   -1.84121824e-01   3.84201424e-04   9.45742904e-02   7.60453269e-02
   -2.37342919e-01  -3.25682682e-01]
 [  4.98065762e-02   2.32675405e-03   7.98431690e-02  -6.34684193e-01
   -1.06479375e-01   4.83448025e-02   7.33742457e-01   3.52162430e-02
    2.33119028e-03  -1.87126285e-01]] [[  2.47985960e+01   0.00000000e+00   0.00000000e+00   0.00000000e+00
    0.00000000e+00   0.00000000e+00   0.00000000e+00   0.00000000e+00
    0.00000000e+00   0.00000000e+00]
 [  0.00000000e+00   2.27636297e+00   0.00000000e+00   0.00000000e+00
    0.00000000e+00   0.00000000e+00   0.00000000e+00   0.00000000e+00
    0.00000000e+00   0.00000000e+00]
 [  0.00000000e+00   0.00000000e+00   1.48836431e+00   0.00000000e+00
    0.00000000e+00   0.00000000e+00   0.00000000e+00   0.00000000e+00
    0.00000000e+00   0.00000000e+00]
 [  0.00000000e+00   0.00000000e+00   0.00000000e+00   1.04982852e+00
    0.00000000e+00   0.00000000e+00   0.00000000e+00   0.00000000e+00
    0.00000000e+00   0.00000000e+00]
 [  0.00000000e+00   0.00000000e+00   0.00000000e+00   0.00000000e+00
    8.09477977e-01   0.00000000e+00   0.00000000e+00   0.00000000e+00
    0.00000000e+00   0.00000000e+00]
 [  0.00000000e+00   0.00000000e+00   0.00000000e+00   0.00000000e+00
    0.00000000e+00   6.56055073e-01   0.00000000e+00   0.00000000e+00
    0.00000000e+00   0.00000000e+00]
 [  0.00000000e+00   0.00000000e+00   0.00000000e+00   0.00000000e+00
    0.00000000e+00   0.00000000e+00   2.95150415e-01   0.00000000e+00
    0.00000000e+00   0.00000000e+00]
 [  0.00000000e+00   0.00000000e+00   0.00000000e+00   0.00000000e+00
    0.00000000e+00   0.00000000e+00   0.00000000e+00   9.83674953e-02
    0.00000000e+00   0.00000000e+00]
 [  0.00000000e+00   0.00000000e+00   0.00000000e+00   0.00000000e+00
    0.00000000e+00   0.00000000e+00   0.00000000e+00   0.00000000e+00
    6.82658014e-02   0.00000000e+00]
 [  0.00000000e+00   0.00000000e+00   0.00000000e+00   0.00000000e+00
    0.00000000e+00   0.00000000e+00   0.00000000e+00   0.00000000e+00
    0.00000000e+00   1.15283648e-03]]
