[[ 0.04818266 -0.03034916  0.04472376 ...,  0.02324448 -0.00301864
  -0.00070016]
 [ 0.04812598 -0.02645045 -0.04712787 ..., -0.08962871 -0.00962462
   0.0482683 ]
 [ 0.04418471 -0.02075675  0.01297818 ..., -0.05450414  0.05197469
   0.003003  ]
 ..., 
 [ 0.04493803 -0.07355302 -0.07814966 ..., -0.02436309  0.00022761
   0.02107382]
 [ 0.05111311 -0.03735567 -0.05258245 ...,  0.00282464  0.01848837
   0.0123763 ]
 [ 0.04615111  0.06166365 -0.00576874 ...,  0.01050967  0.01143491
   0.04445375]] [[ 0.04541911  0.04812779  0.04732477 ...,  0.04783622  0.04697335
   0.04714102]
 [-0.0549935   0.05675279 -0.00676828 ..., -0.03737481  0.01533803
   0.07944586]
 [ 0.02970865  0.03766241 -0.04983805 ...,  0.00145789  0.06913166
   0.04552827]
 ..., 
 [-0.04619545 -0.01477778 -0.03615523 ..., -0.02992127  0.02036048
  -0.02037969]
 [-0.00099329  0.00832613 -0.01446072 ..., -0.0561396   0.12405462
   0.01132427]
 [-0.03266277 -0.02334118  0.07013631 ...,  0.05228277  0.0386665
  -0.00881463]] [[  5.06256437e+04   0.00000000e+00   0.00000000e+00 ...,   0.00000000e+00
    0.00000000e+00   0.00000000e+00]
 [  0.00000000e+00   1.48072204e+02   0.00000000e+00 ...,   0.00000000e+00
    0.00000000e+00   0.00000000e+00]
 [  0.00000000e+00   0.00000000e+00   1.45560845e+02 ...,   0.00000000e+00
    0.00000000e+00   0.00000000e+00]
 ..., 
 [  0.00000000e+00   0.00000000e+00   0.00000000e+00 ...,   1.55327851e-03
    0.00000000e+00   0.00000000e+00]
 [  0.00000000e+00   0.00000000e+00   0.00000000e+00 ...,   0.00000000e+00
    1.00534639e-03   0.00000000e+00]
 [  0.00000000e+00   0.00000000e+00   0.00000000e+00 ...,   0.00000000e+00
    0.00000000e+00   8.22256333e-04]]
