[[ 0.05207038  0.09366507 -0.00483963 ...,  0.06247537 -0.05823671
  -0.00071986]
 [ 0.05472093  0.09090738 -0.01483016 ..., -0.09370196  0.05795681
   0.06379715]
 [ 0.05280794 -0.04316861  0.04834772 ...,  0.01377531 -0.03494503
   0.01807474]
 ..., 
 [ 0.0563284  -0.09843243  0.03226919 ..., -0.02449112  0.02060311
   0.09307494]
 [ 0.05375834  0.04163336  0.00116408 ..., -0.04262635 -0.03839041
   0.00747679]
 [ 0.05457551  0.00984845  0.05975389 ...,  0.00948928 -0.04077228
  -0.05836096]] [[ 0.05300658  0.05333208  0.05425835 ...,  0.05332542  0.05141665
   0.05112913]
 [ 0.0223704  -0.13038032 -0.02674781 ..., -0.02453312 -0.03212721
  -0.05654283]
 [ 0.01817388  0.06591561 -0.0427359  ...,  0.00383951  0.02382685
  -0.011101  ]
 ..., 
 [-0.00120807 -0.0272634  -0.05186616 ..., -0.07051368  0.01089371
  -0.04440675]
 [-0.00024329  0.02458724  0.01976561 ...,  0.04451717 -0.04656521
   0.02331096]
 [ 0.00345208  0.06938324 -0.03169934 ...,  0.06457252 -0.09297138
  -0.04925198]] [[  3.07032402e+04   0.00000000e+00   0.00000000e+00 ...,   0.00000000e+00
    0.00000000e+00   0.00000000e+00]
 [  0.00000000e+00   1.13329539e+02   0.00000000e+00 ...,   0.00000000e+00
    0.00000000e+00   0.00000000e+00]
 [  0.00000000e+00   0.00000000e+00   1.09849997e+02 ...,   0.00000000e+00
    0.00000000e+00   0.00000000e+00]
 ..., 
 [  0.00000000e+00   0.00000000e+00   0.00000000e+00 ...,   4.60691434e-03
    0.00000000e+00   0.00000000e+00]
 [  0.00000000e+00   0.00000000e+00   0.00000000e+00 ...,   0.00000000e+00
    1.70875835e-03   0.00000000e+00]
 [  0.00000000e+00   0.00000000e+00   0.00000000e+00 ...,   0.00000000e+00
    0.00000000e+00   1.97644805e-05]]
