[[  3.70169271e-02   1.37894101e-02   2.29099633e-02 ...,  -5.92213701e-02
    7.47143201e-08  -2.20190210e-03]
 [  3.71548842e-02   8.62880185e-03  -1.35998081e-02 ...,   2.99988690e-02
    3.64958711e-02   1.07965321e-02]
 [  3.71896428e-02   1.03917717e-02  -4.41179032e-02 ...,   1.87332338e-02
    7.63197592e-02   1.69500111e-02]
 ..., 
 [  3.82007508e-02  -4.56626489e-02  -1.55897520e-03 ...,   1.94823663e-02
    2.63357065e-02  -2.18462263e-03]
 [  3.78264353e-02  -1.79741755e-03   1.20277549e-01 ...,  -2.23897303e-03
    2.82093133e-03   3.24585429e-02]
 [  3.68065400e-02   3.80559967e-02  -2.89799888e-02 ...,  -3.90718731e-02
   -4.47054109e-02  -2.25603781e-03]] [[  3.74578985e-02   3.69808217e-02   3.79534392e-02 ...,   3.78504954e-02
    3.80253143e-02   3.76140958e-02]
 [  2.75829574e-02  -5.55991412e-05   1.43242924e-02 ...,   4.02333925e-02
    7.74586216e-03   2.95950032e-02]
 [ -2.41685755e-02   4.50900074e-03   6.65493717e-02 ...,  -4.28946820e-02
   -4.39888129e-03  -3.51068888e-02]
 ..., 
 [  8.74076946e-03  -4.25487634e-02   4.51243364e-02 ...,   4.03075909e-02
   -4.66331572e-02  -1.83559439e-02]
 [  5.24177471e-02   3.28360250e-02   2.51455765e-03 ...,   3.41048081e-03
    4.92193281e-02  -3.07256065e-02]
 [  1.23438726e-02   1.28205051e-02  -1.15551624e-01 ...,  -1.09405729e-02
    2.46736185e-02  -3.71957088e-02]] [[  1.26048729e+05   0.00000000e+00   0.00000000e+00 ...,   0.00000000e+00
    0.00000000e+00   0.00000000e+00]
 [  0.00000000e+00   2.30021027e+02   0.00000000e+00 ...,   0.00000000e+00
    0.00000000e+00   0.00000000e+00]
 [  0.00000000e+00   0.00000000e+00   2.28153538e+02 ...,   0.00000000e+00
    0.00000000e+00   0.00000000e+00]
 ..., 
 [  0.00000000e+00   0.00000000e+00   0.00000000e+00 ...,   4.85831205e-04
    0.00000000e+00   0.00000000e+00]
 [  0.00000000e+00   0.00000000e+00   0.00000000e+00 ...,   0.00000000e+00
    4.68999386e-04   0.00000000e+00]
 [  0.00000000e+00   0.00000000e+00   0.00000000e+00 ...,   0.00000000e+00
    0.00000000e+00   9.48299699e-05]]
