[[ 0.10026676  0.07744618 -0.10843641 ..., -0.01760181 -0.01085531
  -0.01370382]
 [ 0.11692157  0.20391729 -0.02025388 ...,  0.03510909  0.06523961
   0.06190587]
 [ 0.12669255 -0.02544094 -0.2098108  ..., -0.028761    0.08122042
  -0.03802517]
 ..., 
 [ 0.11816227  0.02079921  0.06914533 ..., -0.00194404 -0.05342825
  -0.01284152]
 [ 0.12648294 -0.00649623 -0.1481796  ...,  0.10838093  0.02725013
  -0.03494311]
 [ 0.12395147 -0.05974296 -0.00995793 ..., -0.07078166 -0.2809182
  -0.09360527]] [[  1.06972704e-01   1.19236359e-01   1.14833524e-01 ...,   1.09187961e-01
    1.18073433e-01   1.16314344e-01]
 [  2.62882346e-02   9.01123106e-02  -9.05189390e-03 ...,  -1.83472077e-02
    4.63310306e-02  -6.18149842e-02]
 [ -1.46923529e-01  -9.12851620e-02  -1.16504168e-01 ...,   2.39867581e-02
   -5.30773946e-05  -2.65051314e-02]
 ..., 
 [  7.69313957e-02   7.01420930e-02  -8.18698207e-03 ...,  -1.49697304e-01
    6.06371820e-02   1.36963106e-01]
 [  1.79109046e-02   1.90126187e-01  -2.99066636e-01 ...,  -3.59006336e-02
   -1.62564568e-01  -8.61875624e-02]
 [  2.87868140e-02   1.38115266e-01  -1.55100402e-01 ...,  -4.76908524e-02
   -7.02928365e-02   2.82704942e-02]] [[  1.24872025e+03   0.00000000e+00   0.00000000e+00 ...,   0.00000000e+00
    0.00000000e+00   0.00000000e+00]
 [  0.00000000e+00   2.03924556e+01   0.00000000e+00 ...,   0.00000000e+00
    0.00000000e+00   0.00000000e+00]
 [  0.00000000e+00   0.00000000e+00   1.90188931e+01 ...,   0.00000000e+00
    0.00000000e+00   0.00000000e+00]
 ..., 
 [  0.00000000e+00   0.00000000e+00   0.00000000e+00 ...,   1.67019017e-02
    0.00000000e+00   0.00000000e+00]
 [  0.00000000e+00   0.00000000e+00   0.00000000e+00 ...,   0.00000000e+00
    9.72800511e-03   0.00000000e+00]
 [  0.00000000e+00   0.00000000e+00   0.00000000e+00 ...,   0.00000000e+00
    0.00000000e+00   1.34541345e-03]]
