[[ -3.51032146e-02  -3.06206141e-02  -3.40594412e-02 ...,  -2.15756782e-03
    9.62273927e-04   2.84599502e-06]
 [ -3.42293698e-02   2.67488328e-02   2.61873186e-03 ...,   6.36199826e-02
    1.70067009e-02  -1.37687977e-02]
 [ -3.54964926e-02   4.90373427e-02   1.03127653e-01 ...,   3.20396316e-02
   -8.99660250e-02   2.66026911e-02]
 ..., 
 [ -3.56277274e-02   2.42092579e-02   1.94792374e-02 ...,  -2.82763652e-02
   -4.10243212e-02   1.02567532e-02]
 [ -3.52446091e-02   3.04940386e-02   2.47711015e-02 ...,   5.00127096e-02
    1.77223506e-02  -3.36317690e-02]
 [ -3.52725325e-02  -6.15634539e-03   9.96467970e-03 ...,   1.39238133e-02
   -7.00747593e-02   3.34918920e-02]] [[  3.53987057e-02   3.64184621e-02   3.58195576e-02 ...,   3.49564711e-02
    3.59579625e-02   3.54979413e-02]
 [ -3.15724282e-02   1.63631753e-02  -5.05715160e-03 ...,   2.14977331e-02
    5.20057975e-02   5.06392457e-02]
 [ -6.18746746e-02  -1.41694593e-02   5.43288974e-02 ...,   7.13811838e-05
   -4.24035740e-03  -1.60694262e-02]
 ..., 
 [  9.44942209e-03  -7.62346483e-03   4.31670464e-03 ...,  -4.66889830e-02
   -5.73095792e-02   1.74141579e-02]
 [  4.26758986e-02  -1.12595139e-02  -6.37407431e-03 ...,  -2.72143051e-02
   -2.26140565e-02   2.14008078e-02]
 [  2.67550048e-03  -2.32428189e-02  -3.02802109e-02 ...,   2.19044547e-02
    6.70034822e-02  -6.17517010e-03]] [[  1.56360800e+05   0.00000000e+00   0.00000000e+00 ...,   0.00000000e+00
    0.00000000e+00   0.00000000e+00]
 [  0.00000000e+00   2.56081011e+02   0.00000000e+00 ...,   0.00000000e+00
    0.00000000e+00   0.00000000e+00]
 [  0.00000000e+00   0.00000000e+00   2.54488975e+02 ...,   0.00000000e+00
    0.00000000e+00   0.00000000e+00]
 ..., 
 [  0.00000000e+00   0.00000000e+00   0.00000000e+00 ...,   1.34259477e-03
    0.00000000e+00   0.00000000e+00]
 [  0.00000000e+00   0.00000000e+00   0.00000000e+00 ...,   0.00000000e+00
    2.08017924e-04   0.00000000e+00]
 [  0.00000000e+00   0.00000000e+00   0.00000000e+00 ...,   0.00000000e+00
    0.00000000e+00   4.75447205e-06]]
