[[ 0.03315493 -0.04046278 -0.09574791 ..., -0.00989879 -0.00397374
  -0.01238349]
 [ 0.03298083  0.00470675 -0.05213715 ...,  0.02014997  0.02314066
  -0.01095015]
 [ 0.0335506   0.00060854 -0.0427813  ...,  0.03622076 -0.06157881
   0.04617265]
 ..., 
 [ 0.03350591  0.04264339 -0.02411118 ...,  0.00576586 -0.03278718
  -0.02674655]
 [ 0.03370888  0.02790372 -0.00414518 ...,  0.01140568  0.00259813
   0.04208806]
 [ 0.03228031  0.03364996 -0.01015604 ..., -0.0104241   0.00421392
  -0.01786969]] [[  3.36534372e-02   3.40665237e-02   3.48183279e-02 ...,   3.35498582e-02
    3.27253411e-02   3.34470248e-02]
 [ -1.00929697e-01  -3.21571875e-02   2.88051355e-02 ...,  -1.46215183e-02
   -2.21764585e-02   1.25736514e-02]
 [  2.31420393e-02   2.47741594e-02   3.59485518e-04 ...,   2.58456842e-03
    2.07920500e-02  -7.56325523e-02]
 ..., 
 [ -1.16130392e-03  -1.51908634e-02   1.08984784e-02 ...,   5.58128714e-02
    3.41323499e-02  -2.49968975e-02]
 [  3.32326533e-05  -2.87276659e-02   2.65957095e-02 ...,  -1.84902353e-02
    5.27037115e-02  -6.53358992e-03]
 [ -6.65689628e-03  -2.26863123e-02   1.98389300e-02 ...,   6.07126648e-02
    1.35577557e-02   2.27005121e-02]] [[  1.98237508e+05   0.00000000e+00   0.00000000e+00 ...,   0.00000000e+00
    0.00000000e+00   0.00000000e+00]
 [  0.00000000e+00   2.89036547e+02   0.00000000e+00 ...,   0.00000000e+00
    0.00000000e+00   0.00000000e+00]
 [  0.00000000e+00   0.00000000e+00   2.86960892e+02 ...,   0.00000000e+00
    0.00000000e+00   0.00000000e+00]
 ..., 
 [  0.00000000e+00   0.00000000e+00   0.00000000e+00 ...,   1.49640841e-03
    0.00000000e+00   0.00000000e+00]
 [  0.00000000e+00   0.00000000e+00   0.00000000e+00 ...,   0.00000000e+00
    5.02956389e-04   0.00000000e+00]
 [  0.00000000e+00   0.00000000e+00   0.00000000e+00 ...,   0.00000000e+00
    0.00000000e+00   2.62617432e-04]]
