[[  4.43324144e-02  -3.30373088e-03   2.97956022e-02 ...,   1.27813195e-02
    5.54484577e-03   3.62222257e-03]
 [  4.65972045e-02  -4.61615053e-03   1.53880999e-02 ...,  -2.64782534e-02
    6.10498059e-05  -4.31092675e-03]
 [  4.63343686e-02  -1.87180857e-02   2.20233396e-03 ...,  -3.01708676e-02
   -1.25821295e-02   4.47209431e-02]
 ..., 
 [  4.69002925e-02  -2.59983943e-02  -5.44588724e-03 ...,   2.95670758e-02
   -4.67733186e-02   2.53754481e-03]
 [  4.69861283e-02  -4.97078192e-03  -1.00594074e-01 ...,  -8.57468190e-02
   -2.66332758e-02   7.92568598e-02]
 [  4.64470738e-02  -6.92504235e-02   6.72401595e-02 ...,   4.43133611e-02
    1.68618688e-02   5.11904309e-03]] [[ 0.04517843  0.04497779  0.04550865 ...,  0.04597385  0.04670433
   0.0452689 ]
 [ 0.01245052 -0.02150425  0.02133925 ...,  0.03097529 -0.0103033
  -0.02220736]
 [ 0.02535019 -0.01762817  0.04492226 ...,  0.06846405 -0.02274502
  -0.00179591]
 ..., 
 [-0.04681134 -0.0290086   0.01875752 ..., -0.06330601 -0.00015286
   0.08954394]
 [-0.02352579 -0.00419396  0.02666627 ..., -0.0585031   0.03845255
  -0.00135263]
 [-0.07373501 -0.01883847 -0.0190153  ..., -0.05271329 -0.02381294
  -0.03600878]] [[  5.54282389e+04   0.00000000e+00   0.00000000e+00 ...,   0.00000000e+00
    0.00000000e+00   0.00000000e+00]
 [  0.00000000e+00   1.52851820e+02   0.00000000e+00 ...,   0.00000000e+00
    0.00000000e+00   0.00000000e+00]
 [  0.00000000e+00   0.00000000e+00   1.49612083e+02 ...,   0.00000000e+00
    0.00000000e+00   0.00000000e+00]
 ..., 
 [  0.00000000e+00   0.00000000e+00   0.00000000e+00 ...,   3.11686567e-03
    0.00000000e+00   0.00000000e+00]
 [  0.00000000e+00   0.00000000e+00   0.00000000e+00 ...,   0.00000000e+00
    1.26041410e-03   0.00000000e+00]
 [  0.00000000e+00   0.00000000e+00   0.00000000e+00 ...,   0.00000000e+00
    0.00000000e+00   3.12792932e-05]]
