[[  3.59298189e-02  -1.58226512e-02  -7.50420704e-02 ...,   9.06183683e-03
   -2.30165956e-03   1.12778710e-03]
 [  3.67863382e-02   5.88188447e-02  -1.18005413e-02 ...,  -3.20602215e-02
    4.53604400e-02  -4.68169860e-02]
 [  3.56226092e-02  -8.06432845e-02   3.66837522e-02 ...,   1.22353207e-02
   -1.57742682e-02  -2.30770256e-02]
 ..., 
 [  3.73289264e-02   6.57826569e-03  -7.38637437e-05 ...,   3.12180374e-02
   -3.24158377e-02  -3.05338763e-02]
 [  3.63875677e-02  -2.67714203e-02  -9.43653088e-03 ...,  -4.33086598e-02
    1.77897476e-02  -3.67579080e-02]
 [  3.79484117e-02   5.65883787e-02   2.64850088e-02 ...,  -7.75954760e-03
   -1.57058969e-02   6.07527840e-02]] [[ 0.03712474  0.03725639  0.0369915  ...,  0.03726658  0.03713204
   0.03630709]
 [-0.00589969  0.00547965  0.03479066 ..., -0.02332453  0.00447473
  -0.03887349]
 [-0.11164886  0.01384486 -0.00402298 ...,  0.00336087  0.00943104
  -0.00011627]
 ..., 
 [-0.00704017 -0.01875064  0.05294064 ...,  0.01532648  0.03280553
  -0.01158454]
 [ 0.01839446  0.07675596  0.02371528 ..., -0.03956465  0.01099361
   0.05272334]
 [ 0.00495876 -0.01911844  0.03651078 ...,  0.00311988  0.02191401
   0.02196815]] [[  1.40481963e+05   0.00000000e+00   0.00000000e+00 ...,   0.00000000e+00
    0.00000000e+00   0.00000000e+00]
 [  0.00000000e+00   2.44246009e+02   0.00000000e+00 ...,   0.00000000e+00
    0.00000000e+00   0.00000000e+00]
 [  0.00000000e+00   0.00000000e+00   2.41487234e+02 ...,   0.00000000e+00
    0.00000000e+00   0.00000000e+00]
 ..., 
 [  0.00000000e+00   0.00000000e+00   0.00000000e+00 ...,   4.37433948e-04
    0.00000000e+00   0.00000000e+00]
 [  0.00000000e+00   0.00000000e+00   0.00000000e+00 ...,   0.00000000e+00
    1.85636164e-04   0.00000000e+00]
 [  0.00000000e+00   0.00000000e+00   0.00000000e+00 ...,   0.00000000e+00
    0.00000000e+00   2.26167578e-08]]
