[[ 0.03384999 -0.04533954 -0.00813409 ...,  0.02601545 -0.00321106
  -0.00084473]
 [ 0.03435652 -0.05000606  0.03864049 ..., -0.04872627  0.07017845
   0.06618066]
 [ 0.03457653 -0.02440127 -0.02762214 ..., -0.00377269 -0.02419682
   0.01797064]
 ..., 
 [ 0.03512999  0.01693019  0.02646737 ..., -0.02984709 -0.02181887
  -0.01768649]
 [ 0.03364207 -0.03566583  0.0330494  ...,  0.06684856 -0.05845535
   0.04725082]
 [ 0.03559187 -0.03483029 -0.01569719 ..., -0.00108733 -0.00740015
  -0.05567451]] [[ 0.0348496   0.03384192  0.03366892 ...,  0.03519667  0.03519609
   0.03454716]
 [-0.04448948  0.04432031  0.02633805 ...,  0.0392245  -0.0359535  -0.014135  ]
 [ 0.01904685  0.0021971   0.06348844 ...,  0.03406462  0.01145058
  -0.02554113]
 ..., 
 [-0.02954951 -0.03667    -0.04056942 ..., -0.01979393  0.03714332
  -0.05591664]
 [-0.0019679  -0.04707567  0.00849117 ...,  0.00117658  0.0525405
   0.03714581]
 [ 0.03994307  0.01180292  0.04832367 ..., -0.03287578 -0.01168572
   0.03907789]] [[  1.80634369e+05   0.00000000e+00   0.00000000e+00 ...,   0.00000000e+00
    0.00000000e+00   0.00000000e+00]
 [  0.00000000e+00   2.78788967e+02   0.00000000e+00 ...,   0.00000000e+00
    0.00000000e+00   0.00000000e+00]
 [  0.00000000e+00   0.00000000e+00   2.77051518e+02 ...,   0.00000000e+00
    0.00000000e+00   0.00000000e+00]
 ..., 
 [  0.00000000e+00   0.00000000e+00   0.00000000e+00 ...,   2.31695773e-03
    0.00000000e+00   0.00000000e+00]
 [  0.00000000e+00   0.00000000e+00   0.00000000e+00 ...,   0.00000000e+00
    3.23150800e-04   0.00000000e+00]
 [  0.00000000e+00   0.00000000e+00   0.00000000e+00 ...,   0.00000000e+00
    0.00000000e+00   5.07607757e-05]]
