[[ 0.03988818 -0.00214534  0.04494445 ...,  0.07415146 -0.02498412
  -0.04417043]
 [ 0.04082268  0.06575935  0.02123735 ...,  0.00760319 -0.02801429
   0.01222996]
 [ 0.04065393 -0.04667799 -0.04942235 ...,  0.05068228 -0.05744167
   0.01174306]
 ..., 
 [ 0.04226392  0.08056326  0.0412938  ...,  0.01510842  0.04345881
   0.03358719]
 [ 0.04251226  0.01970608  0.05623466 ...,  0.05903396  0.10238315
  -0.01123335]
 [ 0.04166696  0.01404902  0.00406181 ..., -0.04525559 -0.01816421
  -0.02459955]] [[ 0.04142202  0.04201859  0.04095056 ...,  0.04170278  0.0401001
   0.03978106]
 [-0.04142391  0.00738696 -0.0004927  ..., -0.0176169   0.05009912
  -0.01692701]
 [ 0.0241101  -0.02820221 -0.00913295 ...,  0.08247695  0.02719045
  -0.01670909]
 ..., 
 [ 0.02157955  0.04426122  0.02680042 ..., -0.03223116 -0.03860829
   0.01657292]
 [ 0.01946147  0.0287659  -0.0024611  ..., -0.01422798  0.03030223
  -0.0719772 ]
 [-0.00056412 -0.02510132  0.05217558 ...,  0.05856009 -0.04324281
   0.07200222]] [[  8.73174184e+04   0.00000000e+00   0.00000000e+00 ...,   0.00000000e+00
    0.00000000e+00   0.00000000e+00]
 [  0.00000000e+00   1.92595147e+02   0.00000000e+00 ...,   0.00000000e+00
    0.00000000e+00   0.00000000e+00]
 [  0.00000000e+00   0.00000000e+00   1.89102485e+02 ...,   0.00000000e+00
    0.00000000e+00   0.00000000e+00]
 ..., 
 [  0.00000000e+00   0.00000000e+00   0.00000000e+00 ...,   2.36268916e-03
    0.00000000e+00   0.00000000e+00]
 [  0.00000000e+00   0.00000000e+00   0.00000000e+00 ...,   0.00000000e+00
    8.61494779e-04   0.00000000e+00]
 [  0.00000000e+00   0.00000000e+00   0.00000000e+00 ...,   0.00000000e+00
    0.00000000e+00   1.27272986e-05]]
