[[  4.49090271e-02   2.68275603e-02   1.75804248e-02 ...,  -4.57101693e-02
   -2.02159571e-05   2.99594726e-02]
 [  4.77122096e-02   2.66485808e-02  -4.98415384e-02 ...,   6.80664976e-02
    5.00810892e-03   2.60212053e-02]
 [  4.41035304e-02  -6.40882482e-02  -3.02681833e-02 ...,   7.29830242e-03
   -2.92650221e-02   6.72638551e-02]
 ..., 
 [  4.48514671e-02   2.91591800e-02  -4.80597823e-02 ...,   8.88385508e-03
    9.48993770e-03  -3.03532047e-02]
 [  4.51978411e-02  -1.93301495e-02  -2.08171612e-02 ...,  -1.55709340e-02
    6.00677272e-02  -3.50325446e-02]
 [  4.70339582e-02   1.94284939e-02   2.75607838e-02 ...,  -2.48005705e-02
   -5.31994513e-02  -1.83071402e-02]] [[ 0.0434785   0.04605136  0.04349812 ...,  0.04580116  0.04605466
   0.04462064]
 [-0.02931458  0.05708888  0.00431542 ...,  0.001822    0.00062363
  -0.07986539]
 [ 0.09292915 -0.00664492 -0.02412298 ...,  0.03156246 -0.03580382
  -0.00079417]
 ..., 
 [-0.02911623  0.00151556 -0.03650872 ..., -0.0053715  -0.00841968
  -0.0525139 ]
 [-0.04748479  0.00964095  0.00494544 ...,  0.02193884  0.06131253
   0.02164577]
 [-0.00685491 -0.06370733 -0.07292162 ..., -0.00045378  0.02366415
  -0.05776016]] [[  6.01627880e+04   0.00000000e+00   0.00000000e+00 ...,   0.00000000e+00
    0.00000000e+00   0.00000000e+00]
 [  0.00000000e+00   1.63106019e+02   0.00000000e+00 ...,   0.00000000e+00
    0.00000000e+00   0.00000000e+00]
 [  0.00000000e+00   0.00000000e+00   1.61088904e+02 ...,   0.00000000e+00
    0.00000000e+00   0.00000000e+00]
 ..., 
 [  0.00000000e+00   0.00000000e+00   0.00000000e+00 ...,   4.27347877e-03
    0.00000000e+00   0.00000000e+00]
 [  0.00000000e+00   0.00000000e+00   0.00000000e+00 ...,   0.00000000e+00
    8.98204177e-04   0.00000000e+00]
 [  0.00000000e+00   0.00000000e+00   0.00000000e+00 ...,   0.00000000e+00
    0.00000000e+00   2.06725151e-08]]
