[[ -3.70593862e-02  -3.72340455e-03   4.02082650e-02 ...,   1.42483350e-02
   -1.53042600e-02   1.40570248e-03]
 [ -3.62319830e-02  -2.07992211e-04  -3.10988854e-02 ...,   4.86305677e-02
    6.48085539e-02  -1.95159314e-02]
 [ -3.61328426e-02   1.34993828e-03  -2.70214775e-02 ...,   3.34181007e-02
    3.32364814e-03  -4.84221102e-02]
 ..., 
 [ -3.59162273e-02   3.87095823e-02   2.45804063e-02 ...,  -6.22651144e-03
    2.48573401e-02  -2.37239207e-02]
 [ -3.76292228e-02   2.47269885e-02  -6.40194992e-02 ...,   1.34151212e-05
    2.61347373e-04   2.99616152e-03]
 [ -3.57112659e-02  -5.95189755e-02   3.84196539e-02 ...,   7.13033132e-02
    6.46738439e-02  -2.91879698e-02]] [[ 0.03662558  0.03715335  0.03699131 ...,  0.03555584  0.03675298
   0.03789851]
 [-0.05874359 -0.04757514  0.02941675 ...,  0.0027964   0.05682507
  -0.01709749]
 [ 0.05196622 -0.05883704 -0.00554749 ..., -0.05714764 -0.03349347
   0.02678733]
 ..., 
 [-0.05603096 -0.01680135 -0.02523767 ..., -0.05003231  0.00389314
  -0.06746228]
 [ 0.04223962 -0.0239062   0.00242379 ...,  0.00103069 -0.03708105
  -0.02908525]
 [-0.01864761 -0.02214989 -0.02516157 ...,  0.01466846  0.00548851
  -0.03089052]] [[  1.33453950e+05   0.00000000e+00   0.00000000e+00 ...,   0.00000000e+00
    0.00000000e+00   0.00000000e+00]
 [  0.00000000e+00   2.40325897e+02   0.00000000e+00 ...,   0.00000000e+00
    0.00000000e+00   0.00000000e+00]
 [  0.00000000e+00   0.00000000e+00   2.36105594e+02 ...,   0.00000000e+00
    0.00000000e+00   0.00000000e+00]
 ..., 
 [  0.00000000e+00   0.00000000e+00   0.00000000e+00 ...,   2.12890525e-03
    0.00000000e+00   0.00000000e+00]
 [  0.00000000e+00   0.00000000e+00   0.00000000e+00 ...,   0.00000000e+00
    5.08378110e-04   0.00000000e+00]
 [  0.00000000e+00   0.00000000e+00   0.00000000e+00 ...,   0.00000000e+00
    0.00000000e+00   6.55387898e-05]]
