[[ 0.0349605   0.02736357 -0.03322643 ...,  0.04311788 -0.00479285
  -0.00206295]
 [ 0.0343958  -0.00269622  0.0129228  ..., -0.0052424   0.05897862
  -0.00852634]
 [ 0.03489993 -0.02437986 -0.00275033 ..., -0.02475276  0.001142   -0.0466293 ]
 ..., 
 [ 0.03539656  0.0034647   0.02991719 ...,  0.02427319 -0.01226425
   0.0191063 ]
 [ 0.03438629 -0.011706    0.02037693 ...,  0.00471643 -0.01279306
   0.01326406]
 [ 0.03498782 -0.01502832  0.01356848 ..., -0.03810127  0.06703284
  -0.0354416 ]] [[-0.03470558 -0.0339413  -0.03317623 ..., -0.03345118 -0.03372281
  -0.0347075 ]
 [-0.00866276 -0.02210324 -0.01869777 ...,  0.01202728 -0.01451621
  -0.01240981]
 [ 0.03094888 -0.0356719  -0.01125164 ..., -0.04440436 -0.07304201
   0.01874713]
 ..., 
 [ 0.00745599  0.00521241 -0.0027883  ..., -0.0247126  -0.02957182
  -0.03910752]
 [-0.02051812  0.03998744 -0.06244472 ...,  0.06726586 -0.02930303
  -0.03348058]
 [ 0.00076772 -0.00509357  0.00428524 ...,  0.00891366 -0.00531274
  -0.00153247]] [[  1.72281541e+05   0.00000000e+00   0.00000000e+00 ...,   0.00000000e+00
    0.00000000e+00   0.00000000e+00]
 [  0.00000000e+00   2.69441352e+02   0.00000000e+00 ...,   0.00000000e+00
    0.00000000e+00   0.00000000e+00]
 [  0.00000000e+00   0.00000000e+00   2.66575328e+02 ...,   0.00000000e+00
    0.00000000e+00   0.00000000e+00]
 ..., 
 [  0.00000000e+00   0.00000000e+00   0.00000000e+00 ...,   1.12400154e-03
    0.00000000e+00   0.00000000e+00]
 [  0.00000000e+00   0.00000000e+00   0.00000000e+00 ...,   0.00000000e+00
    1.86647793e-04   0.00000000e+00]
 [  0.00000000e+00   0.00000000e+00   0.00000000e+00 ...,   0.00000000e+00
    0.00000000e+00   7.39751928e-06]]
