[[ 0.06918562  0.01014646  0.02058149 ...,  0.03646426  0.03136012
  -0.05253492]
 [ 0.06825696 -0.04711682 -0.03033216 ..., -0.00468092 -0.12218028
   0.05131193]
 [ 0.06913096 -0.03505404 -0.0106558  ..., -0.04824316 -0.00331437
  -0.04417975]
 ..., 
 [ 0.06813183 -0.09529372 -0.11279829 ..., -0.03072505 -0.04390257
  -0.05451637]
 [ 0.06398176 -0.01129478 -0.0141925  ..., -0.02069204 -0.04024306
  -0.06337181]
 [ 0.07166366 -0.08753103  0.00462071 ..., -0.16884898 -0.07127154
  -0.03499171]] [[ 0.06703622  0.06896803  0.06557343 ...,  0.06968622  0.06669501
   0.06988471]
 [-0.0097487  -0.02365469  0.01287994 ...,  0.1442452  -0.08849447
   0.06761535]
 [-0.02534209  0.00512824 -0.00599138 ...,  0.03809568  0.05273821
   0.08398499]
 ..., 
 [ 0.02784933  0.00289088  0.1056151  ..., -0.07164719 -0.07873555
   0.07664502]
 [ 0.04551286  0.09636435  0.13717617 ...,  0.06404024 -0.09255218
  -0.1687183 ]
 [-0.1840858   0.0701719  -0.10723568 ..., -0.00919873  0.0335305
  -0.03775986]] [[  1.10852053e+04   0.00000000e+00   0.00000000e+00 ...,   0.00000000e+00
    0.00000000e+00   0.00000000e+00]
 [  0.00000000e+00   6.67255650e+01   0.00000000e+00 ...,   0.00000000e+00
    0.00000000e+00   0.00000000e+00]
 [  0.00000000e+00   0.00000000e+00   6.42958438e+01 ...,   0.00000000e+00
    0.00000000e+00   0.00000000e+00]
 ..., 
 [  0.00000000e+00   0.00000000e+00   0.00000000e+00 ...,   8.44590885e-03
    0.00000000e+00   0.00000000e+00]
 [  0.00000000e+00   0.00000000e+00   0.00000000e+00 ...,   0.00000000e+00
    4.72912551e-04   0.00000000e+00]
 [  0.00000000e+00   0.00000000e+00   0.00000000e+00 ...,   0.00000000e+00
    0.00000000e+00   4.21543290e-05]]
