[[ 0.04510375 -0.01052853  0.00950226 ...,  0.00158212 -0.00144253
  -0.00261598]
 [ 0.04406428 -0.02183987 -0.09217264 ..., -0.10951313  0.01849027
   0.03901469]
 [ 0.04348463  0.06215013 -0.04774676 ..., -0.02510943 -0.01883031
   0.03351978]
 ..., 
 [ 0.04152268 -0.05954066 -0.04857234 ..., -0.03499845 -0.0502242
  -0.03419192]
 [ 0.04362854  0.00250586 -0.05571718 ..., -0.08778889 -0.08380385
  -0.05299775]
 [ 0.04471568  0.05050319 -0.00790971 ..., -0.02695842 -0.07995128
   0.07556205]] [[ 0.04503946  0.04479128  0.04420089 ...,  0.04261793  0.04273244
   0.04483321]
 [ 0.03020597 -0.07676234 -0.11038935 ...,  0.01847322 -0.00242743
   0.02569473]
 [ 0.00227026 -0.01152183 -0.00813773 ..., -0.03633561 -0.01170057
  -0.0439427 ]
 ..., 
 [-0.00206301  0.05428449  0.00616959 ...,  0.08660139  0.03943027
  -0.07424999]
 [ 0.00220604 -0.09694488  0.06084524 ...,  0.01715495 -0.01028222
  -0.04480807]
 [-0.01731323 -0.03528099  0.04394238 ...,  0.05308259 -0.00595054
   0.09115569]] [[  6.51863080e+04   0.00000000e+00   0.00000000e+00 ...,   0.00000000e+00
    0.00000000e+00   0.00000000e+00]
 [  0.00000000e+00   1.67087493e+02   0.00000000e+00 ...,   0.00000000e+00
    0.00000000e+00   0.00000000e+00]
 [  0.00000000e+00   0.00000000e+00   1.61951530e+02 ...,   0.00000000e+00
    0.00000000e+00   0.00000000e+00]
 ..., 
 [  0.00000000e+00   0.00000000e+00   0.00000000e+00 ...,   1.21540996e-03
    0.00000000e+00   0.00000000e+00]
 [  0.00000000e+00   0.00000000e+00   0.00000000e+00 ...,   0.00000000e+00
    4.26410387e-04   0.00000000e+00]
 [  0.00000000e+00   0.00000000e+00   0.00000000e+00 ...,   0.00000000e+00
    0.00000000e+00   2.79014448e-05]]
