[[ 0.03808885 -0.00590921 -0.09212194 ..., -0.00120234  0.07904287
  -0.00171951]
 [ 0.03903023 -0.00616977  0.045363   ...,  0.00666734 -0.05659709
   0.00435157]
 [ 0.03832204 -0.00505529  0.05836001 ..., -0.09016225 -0.00780246
   0.05160202]
 ..., 
 [ 0.03786123  0.01277682 -0.04953116 ..., -0.07321972  0.00493807
  -0.00479211]
 [ 0.04007148 -0.03467982  0.01366457 ...,  0.01807357 -0.02918602
   0.02820688]
 [ 0.04094781  0.04621261  0.0379879  ...,  0.05447105 -0.00574414
   0.00307528]] [[ 0.03842286  0.03864224  0.03914597 ...,  0.03952702  0.03762461
   0.03789177]
 [ 0.02822124 -0.02235151 -0.02138487 ..., -0.03651795  0.02273554
  -0.03362572]
 [ 0.02910639  0.00127413 -0.01253199 ...,  0.0468675   0.01803651
  -0.01733053]
 ..., 
 [-0.00699102  0.04319744  0.04426937 ..., -0.05599027  0.04445896
   0.01335136]
 [ 0.02929194 -0.00440282 -0.00619212 ...,  0.02310384  0.01506731
   0.00782329]
 [ 0.00218485 -0.01828176 -0.09027763 ...,  0.00618096 -0.01740446
   0.00010797]] [[  1.12454573e+05   0.00000000e+00   0.00000000e+00 ...,   0.00000000e+00
    0.00000000e+00   0.00000000e+00]
 [  0.00000000e+00   2.17919123e+02   0.00000000e+00 ...,   0.00000000e+00
    0.00000000e+00   0.00000000e+00]
 [  0.00000000e+00   0.00000000e+00   2.12926943e+02 ...,   0.00000000e+00
    0.00000000e+00   0.00000000e+00]
 ..., 
 [  0.00000000e+00   0.00000000e+00   0.00000000e+00 ...,   9.95186694e-04
    0.00000000e+00   0.00000000e+00]
 [  0.00000000e+00   0.00000000e+00   0.00000000e+00 ...,   0.00000000e+00
    1.19165199e-04   0.00000000e+00]
 [  0.00000000e+00   0.00000000e+00   0.00000000e+00 ...,   0.00000000e+00
    0.00000000e+00   2.24018429e-05]]
