[[ 0.05163052  0.09761496 -0.02180601 ..., -0.06291958 -0.03182969
  -0.00034362]
 [ 0.05766233  0.00017898  0.02342462 ...,  0.00156747  0.00685647
   0.07685449]
 [ 0.05439889 -0.05031216  0.01374177 ...,  0.04996447  0.02615105
   0.01122561]
 ..., 
 [ 0.05756906 -0.12377253 -0.01099196 ...,  0.03776604 -0.04972346
  -0.06124648]
 [ 0.05550876  0.07977674  0.01369457 ..., -0.00391229  0.01298094
  -0.02212757]
 [ 0.0570992   0.00658152 -0.03766386 ...,  0.05539146 -0.01918361
  -0.01557198]] [[  5.73893708e-02   5.67806353e-02   5.44833972e-02 ...,   5.59096729e-02
    5.75123279e-02   5.68114984e-02]
 [ -1.29995645e-01   3.74824521e-02   5.79884147e-02 ...,  -3.72112030e-02
    1.45262878e-03  -3.03284626e-02]
 [ -1.02852339e-02  -5.89966379e-02   1.43151763e-02 ...,  -6.03962466e-03
    8.15275187e-02  -3.84428681e-03]
 ..., 
 [  3.00152344e-02   3.41309379e-03   3.17596912e-02 ...,   6.34999858e-02
   -3.08647027e-02  -1.04948440e-02]
 [ -5.34661708e-02   1.88719585e-02  -9.76369547e-02 ...,  -1.68890092e-03
    4.75215448e-02   3.81660244e-02]
 [  2.91486783e-06  -7.16901048e-03   1.69026790e-02 ...,   1.87853702e-02
   -5.83307193e-02   8.12835298e-02]] [[  2.40885854e+04   0.00000000e+00   0.00000000e+00 ...,   0.00000000e+00
    0.00000000e+00   0.00000000e+00]
 [  0.00000000e+00   9.59751662e+01   0.00000000e+00 ...,   0.00000000e+00
    0.00000000e+00   0.00000000e+00]
 [  0.00000000e+00   0.00000000e+00   9.50132566e+01 ...,   0.00000000e+00
    0.00000000e+00   0.00000000e+00]
 ..., 
 [  0.00000000e+00   0.00000000e+00   0.00000000e+00 ...,   2.61747440e-03
    0.00000000e+00   0.00000000e+00]
 [  0.00000000e+00   0.00000000e+00   0.00000000e+00 ...,   0.00000000e+00
    1.21673065e-03   0.00000000e+00]
 [  0.00000000e+00   0.00000000e+00   0.00000000e+00 ...,   0.00000000e+00
    0.00000000e+00   1.90041065e-04]]
