[[ 0.03244855 -0.01184337 -0.02461112 ...,  0.01498002  0.01303213
  -0.00438231]
 [ 0.03209908 -0.00629847  0.00861274 ..., -0.01605039 -0.03502431
  -0.03568638]
 [ 0.03197172  0.01814137 -0.03413627 ...,  0.0182741  -0.02668816
   0.04308226]
 ..., 
 [ 0.03259293  0.01571628 -0.00735096 ..., -0.0177065  -0.03640686
  -0.07588807]
 [ 0.03250315 -0.02494097  0.05141296 ..., -0.03711895 -0.06655683
   0.03053349]
 [ 0.0330259  -0.00545115 -0.0356071  ..., -0.02468493 -0.01033947
   0.02448347]] [[-0.03250477 -0.03321841 -0.03285684 ..., -0.03256904 -0.03313871
  -0.03244971]
 [-0.01391448 -0.0401287   0.02333876 ...,  0.04305126 -0.02251723
  -0.02368686]
 [-0.00495426  0.08317698  0.00682267 ..., -0.02078688 -0.03404803
  -0.04308032]
 ..., 
 [-0.00523946 -0.00623302 -0.0270284  ..., -0.03004704 -0.08519542
  -0.00179751]
 [-0.00314981 -0.04738526 -0.00623559 ..., -0.01931608  0.0249973
  -0.03665868]
 [ 0.00050691 -0.00268983  0.01673825 ...,  0.01842497 -0.03062924
  -0.01142054]] [[  2.35272445e+05   0.00000000e+00   0.00000000e+00 ...,   0.00000000e+00
    0.00000000e+00   0.00000000e+00]
 [  0.00000000e+00   3.22223832e+02   0.00000000e+00 ...,   0.00000000e+00
    0.00000000e+00   0.00000000e+00]
 [  0.00000000e+00   0.00000000e+00   3.16553817e+02 ...,   0.00000000e+00
    0.00000000e+00   0.00000000e+00]
 ..., 
 [  0.00000000e+00   0.00000000e+00   0.00000000e+00 ...,   1.64140679e-03
    0.00000000e+00   0.00000000e+00]
 [  0.00000000e+00   0.00000000e+00   0.00000000e+00 ...,   0.00000000e+00
    2.24571439e-04   0.00000000e+00]
 [  0.00000000e+00   0.00000000e+00   0.00000000e+00 ...,   0.00000000e+00
    0.00000000e+00   2.74219258e-05]]
