[[-0.03266217  0.00415581  0.04247416 ...,  0.02921491  0.00051035
   0.00886103]
 [-0.03388738 -0.01174561 -0.07070004 ..., -0.0671489  -0.07650279
  -0.00979924]
 [-0.03381659  0.01545161 -0.00851975 ..., -0.03256154 -0.0516533
  -0.00220179]
 ..., 
 [-0.03261273  0.03261752 -0.00604486 ...,  0.00819947  0.0251074
  -0.02280435]
 [-0.03374306 -0.01749693  0.00761163 ..., -0.03353153 -0.03458553
  -0.03361266]
 [-0.03232881  0.00570783 -0.05567386 ...,  0.01597861 -0.07442568
  -0.01408434]] [[ 0.03314638  0.03386457  0.03277959 ...,  0.03391272  0.03314731
   0.03281586]
 [-0.05013794  0.0150169   0.06457408 ..., -0.06359196  0.05612185
   0.02924411]
 [ 0.01810517  0.03089431 -0.00741046 ..., -0.01722399 -0.00309004
  -0.04008077]
 ..., 
 [ 0.03039412  0.02062269 -0.00956775 ..., -0.00426552  0.01114801
   0.03961838]
 [ 0.04502791 -0.02444178 -0.04381868 ..., -0.02545944  0.00806511
   0.04246876]
 [-0.00240778 -0.0047688   0.02998129 ..., -0.01320215 -0.00489141
  -0.04381091]] [[  2.07373901e+05   0.00000000e+00   0.00000000e+00 ...,   0.00000000e+00
    0.00000000e+00   0.00000000e+00]
 [  0.00000000e+00   3.01682325e+02   0.00000000e+00 ...,   0.00000000e+00
    0.00000000e+00   0.00000000e+00]
 [  0.00000000e+00   0.00000000e+00   2.97444793e+02 ...,   0.00000000e+00
    0.00000000e+00   0.00000000e+00]
 ..., 
 [  0.00000000e+00   0.00000000e+00   0.00000000e+00 ...,   1.39969116e-03
    0.00000000e+00   0.00000000e+00]
 [  0.00000000e+00   0.00000000e+00   0.00000000e+00 ...,   0.00000000e+00
    1.48555984e-04   0.00000000e+00]
 [  0.00000000e+00   0.00000000e+00   0.00000000e+00 ...,   0.00000000e+00
    0.00000000e+00   3.09076531e-05]]
