[[ 0.0972538   0.12994195 -0.13604654 ...,  0.08041701 -0.03825605
   0.04495346]
 [ 0.08088193 -0.12486388 -0.08926192 ...,  0.0848762  -0.01561791
   0.04339088]
 [ 0.08956719  0.07144529  0.22802805 ..., -0.07062976  0.10057256
  -0.08906834]
 ..., 
 [ 0.08927027  0.11764136 -0.0605147  ...,  0.02054236 -0.12661997
   0.03509732]
 [ 0.09390858  0.07314347  0.12629385 ...,  0.0791083   0.06182456
   0.1570155 ]
 [ 0.0796881   0.08622746 -0.16803593 ...,  0.14781596  0.17902748
  -0.02125355]] [[ 0.08661976  0.08781141  0.08569965 ...,  0.08562386  0.08866893
   0.08940213]
 [-0.0010857   0.03541537  0.02329513 ..., -0.08453266  0.10163688
  -0.02525933]
 [-0.12062007 -0.06311217 -0.02028281 ..., -0.01508987  0.10376536
  -0.04913534]
 ..., 
 [-0.04593408  0.01062409  0.08971359 ...,  0.17873456  0.14507848
   0.00221291]
 [ 0.17322913  0.16723033 -0.04430706 ...,  0.07906479 -0.01951573
  -0.17235577]
 [-0.01355325  0.05291565 -0.07391173 ...,  0.02455437 -0.05144064
   0.08963036]] [[  4.23405156e+03   0.00000000e+00   0.00000000e+00 ...,   0.00000000e+00
    0.00000000e+00   0.00000000e+00]
 [  0.00000000e+00   4.19875565e+01   0.00000000e+00 ...,   0.00000000e+00
    0.00000000e+00   0.00000000e+00]
 [  0.00000000e+00   0.00000000e+00   4.00777247e+01 ...,   0.00000000e+00
    0.00000000e+00   0.00000000e+00]
 ..., 
 [  0.00000000e+00   0.00000000e+00   0.00000000e+00 ...,   1.13717149e-02
    0.00000000e+00   0.00000000e+00]
 [  0.00000000e+00   0.00000000e+00   0.00000000e+00 ...,   0.00000000e+00
    2.20858128e-03   0.00000000e+00]
 [  0.00000000e+00   0.00000000e+00   0.00000000e+00 ...,   0.00000000e+00
    0.00000000e+00   7.76687026e-04]]
