[[ 0.04175101 -0.02392781 -0.03018704 ..., -0.02195824  0.00996026
  -0.00146007]
 [ 0.04064965  0.07462807  0.01964707 ...,  0.03878408  0.04754876
  -0.04603077]
 [ 0.04035788 -0.0154099   0.07234905 ..., -0.04047269 -0.04157809
   0.01863893]
 ..., 
 [ 0.04128188 -0.06824007  0.08139091 ...,  0.04895292 -0.01190752
   0.02677231]
 [ 0.04105737 -0.01224226 -0.00083609 ...,  0.01551219 -0.02486534
   0.05688496]
 [ 0.0425415   0.01184882  0.02047445 ...,  0.00759532 -0.04753613
  -0.01801312]] [[ 0.0433537   0.04167759  0.0413234  ...,  0.04098895  0.04179786
   0.04084596]
 [-0.06001735  0.04832577 -0.08268289 ...,  0.04997069  0.02889929
  -0.03768469]
 [ 0.05548007  0.06245101  0.01901412 ..., -0.02204937 -0.02737365
   0.05145277]
 ..., 
 [ 0.00300326  0.07406228 -0.04151593 ..., -0.06162367 -0.03408046
   0.01353654]
 [ 0.00307678  0.0559957   0.03810598 ..., -0.03250955 -0.00087136
  -0.03679508]
 [-0.00222241 -0.04351502  0.03154696 ..., -0.01513438  0.02227293
   0.02950017]] [[  8.13697213e+04   0.00000000e+00   0.00000000e+00 ...,   0.00000000e+00
    0.00000000e+00   0.00000000e+00]
 [  0.00000000e+00   1.85905171e+02   0.00000000e+00 ...,   0.00000000e+00
    0.00000000e+00   0.00000000e+00]
 [  0.00000000e+00   0.00000000e+00   1.81869310e+02 ...,   0.00000000e+00
    0.00000000e+00   0.00000000e+00]
 ..., 
 [  0.00000000e+00   0.00000000e+00   0.00000000e+00 ...,   4.50923432e-03
    0.00000000e+00   0.00000000e+00]
 [  0.00000000e+00   0.00000000e+00   0.00000000e+00 ...,   0.00000000e+00
    1.95849855e-03   0.00000000e+00]
 [  0.00000000e+00   0.00000000e+00   0.00000000e+00 ...,   0.00000000e+00
    0.00000000e+00   6.57582658e-05]]
