[[  6.25215001e-02  -2.24299553e-02  -4.97205247e-02 ...,  -1.11356062e-01
   -4.76112094e-02  -1.77849256e-04]
 [  6.25266237e-02  -2.12350028e-02  -2.54311126e-02 ...,  -2.72271322e-03
    6.52501616e-03  -3.67002497e-02]
 [  5.80155270e-02   2.00503460e-02   1.07465883e-02 ...,  -4.91377918e-03
    1.01912590e-01   8.07514206e-02]
 ..., 
 [  6.15650386e-02   1.65012962e-03   3.93239915e-02 ...,   1.81665674e-01
    1.04116569e-01   8.20344287e-02]
 [  6.30772235e-02   5.99048343e-02   6.62715595e-02 ...,  -2.03687611e-02
    2.52410159e-03  -7.97782773e-02]
 [  5.73454481e-02  -7.72816539e-02  -1.20133897e-02 ...,  -4.45359235e-02
   -8.33095749e-02  -1.05420895e-02]] [[ 0.06198657  0.05978159  0.05657644 ...,  0.06294729  0.06226368
   0.05894139]
 [ 0.00510625 -0.04196535 -0.0070593  ...,  0.04684506 -0.06442976
   0.02555299]
 [-0.0275003   0.08185877 -0.04372694 ...,  0.03333715 -0.05635023
   0.05450949]
 ..., 
 [-0.05969185  0.07830044 -0.01738557 ..., -0.00515783  0.06973292
  -0.07650188]
 [-0.02782188  0.03826524 -0.06714934 ..., -0.02755588  0.00709264
   0.02132736]
 [-0.00978345  0.05267841 -0.01756404 ...,  0.06487182 -0.06257632
   0.01074486]] [[  1.84305473e+04   0.00000000e+00   0.00000000e+00 ...,   0.00000000e+00
    0.00000000e+00   0.00000000e+00]
 [  0.00000000e+00   8.41387169e+01   0.00000000e+00 ...,   0.00000000e+00
    0.00000000e+00   0.00000000e+00]
 [  0.00000000e+00   0.00000000e+00   8.30714160e+01 ...,   0.00000000e+00
    0.00000000e+00   0.00000000e+00]
 ..., 
 [  0.00000000e+00   0.00000000e+00   0.00000000e+00 ...,   2.89314245e-03
    0.00000000e+00   0.00000000e+00]
 [  0.00000000e+00   0.00000000e+00   0.00000000e+00 ...,   0.00000000e+00
    1.76403724e-03   0.00000000e+00]
 [  0.00000000e+00   0.00000000e+00   0.00000000e+00 ...,   0.00000000e+00
    0.00000000e+00   4.34459035e-07]]
