[[ 0.05782085 -0.02908061 -0.04567135 ...,  0.00424158  0.04834884
  -0.00064143]
 [ 0.05201094 -0.05848656  0.03025661 ...,  0.04727884 -0.04534408
   0.04377763]
 [ 0.05568711  0.02792238 -0.04845882 ...,  0.01148452 -0.03278248
   0.05533819]
 ..., 
 [ 0.05350022 -0.01502933  0.04517428 ...,  0.01389288  0.0152888
  -0.00805626]
 [ 0.05737057  0.0766794  -0.00120699 ..., -0.00682639  0.03843688
   0.03598457]
 [ 0.05512788 -0.08589442 -0.0634915  ...,  0.07292775  0.0599765
  -0.01328347]] [[ 0.05462615  0.05752481  0.05925137 ...,  0.05421319  0.05848028
   0.05309372]
 [-0.06149022  0.04330146 -0.02516766 ...,  0.02690012  0.04340543
   0.06247461]
 [ 0.02024079  0.03211757  0.04807402 ...,  0.04283636 -0.00880093
  -0.02943928]
 ..., 
 [ 0.05511057 -0.01308299  0.11687137 ...,  0.02267357 -0.03461556
  -0.01743143]
 [-0.06059249  0.08493354  0.00514232 ..., -0.00780882  0.01404016
   0.04318552]
 [-0.00375735 -0.00946045  0.09240541 ...,  0.04859998  0.00451612
  -0.06268446]] [[  2.73482030e+04   0.00000000e+00   0.00000000e+00 ...,   0.00000000e+00
    0.00000000e+00   0.00000000e+00]
 [  0.00000000e+00   1.07304596e+02   0.00000000e+00 ...,   0.00000000e+00
    0.00000000e+00   0.00000000e+00]
 [  0.00000000e+00   0.00000000e+00   1.03207865e+02 ...,   0.00000000e+00
    0.00000000e+00   0.00000000e+00]
 ..., 
 [  0.00000000e+00   0.00000000e+00   0.00000000e+00 ...,   1.75339780e-03
    0.00000000e+00   0.00000000e+00]
 [  0.00000000e+00   0.00000000e+00   0.00000000e+00 ...,   0.00000000e+00
    6.46810266e-04   0.00000000e+00]
 [  0.00000000e+00   0.00000000e+00   0.00000000e+00 ...,   0.00000000e+00
    0.00000000e+00   9.33431284e-05]]
