[[ 0.04347936 -0.00726686  0.0090769  ...,  0.00377285  0.001911
  -0.00507581]
 [ 0.04229601  0.04393706 -0.01994326 ...,  0.06279351 -0.02487631
   0.06009825]
 [ 0.04218223  0.04258965 -0.03204537 ..., -0.12145176 -0.13195843
   0.02114033]
 ..., 
 [ 0.04122433  0.06659544 -0.06925875 ...,  0.02019145  0.00262718
  -0.01490025]
 [ 0.0421265   0.00807557  0.08398962 ...,  0.03243051  0.01323502
   0.02511824]
 [ 0.04210035 -0.00198339  0.00411774 ...,  0.02046718  0.08321505
   0.03735461]] [[ 0.04185112  0.04249998  0.04320426 ...,  0.04179791  0.04340133
   0.04317865]
 [ 0.02393679  0.08835224  0.01137596 ...,  0.01006635  0.07726458
  -0.01248279]
 [ 0.0150936   0.02500252 -0.05554555 ...,  0.00529491 -0.00769805
  -0.02340987]
 ..., 
 [-0.01296012 -0.03971912 -0.01760337 ..., -0.02266065  0.00880579
   0.01636782]
 [ 0.00092815  0.00294422  0.05296764 ...,  0.04134506 -0.00059594
   0.08089149]
 [-0.00176774 -0.08283239  0.02318435 ...,  0.03640625 -0.01763761
   0.12069965]] [[  7.59174229e+04   0.00000000e+00   0.00000000e+00 ...,   0.00000000e+00
    0.00000000e+00   0.00000000e+00]
 [  0.00000000e+00   1.82348577e+02   0.00000000e+00 ...,   0.00000000e+00
    0.00000000e+00   0.00000000e+00]
 [  0.00000000e+00   0.00000000e+00   1.77941599e+02 ...,   0.00000000e+00
    0.00000000e+00   0.00000000e+00]
 ..., 
 [  0.00000000e+00   0.00000000e+00   0.00000000e+00 ...,   4.14219379e-03
    0.00000000e+00   0.00000000e+00]
 [  0.00000000e+00   0.00000000e+00   0.00000000e+00 ...,   0.00000000e+00
    2.54842877e-03   0.00000000e+00]
 [  0.00000000e+00   0.00000000e+00   0.00000000e+00 ...,   0.00000000e+00
    0.00000000e+00   6.06439430e-04]]
