[[-0.13531683  0.04468583 -0.08079819 ..., -0.08928451 -0.24555719
  -0.03420709]
 [-0.15809888  0.06166416  0.23162908 ...,  0.00964486 -0.07801172
   0.09022352]
 [-0.13958098 -0.00661341 -0.03743644 ..., -0.18060467 -0.05700441
   0.00511099]
 ..., 
 [-0.14403149 -0.06376004 -0.21698268 ..., -0.26730095  0.15195263
  -0.27187625]
 [-0.15428958 -0.07611838  0.17804455 ...,  0.10369405 -0.07079582
  -0.05362087]
 [-0.13739675 -0.04716617  0.22688319 ..., -0.25384032  0.32707589
   0.29234129]] [[-0.15320776 -0.14757059 -0.13983569 ..., -0.14544537 -0.13856706
  -0.1366929 ]
 [ 0.03635846 -0.09556544 -0.04251987 ..., -0.09737322  0.15354771
   0.0721877 ]
 [-0.0317336  -0.15591927 -0.30051125 ...,  0.01221479  0.07584273
   0.00915126]
 ..., 
 [-0.13176175  0.08964264  0.05448299 ...,  0.08743637 -0.19931837
  -0.14520896]
 [-0.12285039  0.25616934 -0.10300806 ...,  0.09365128 -0.01010413
   0.01772244]
 [-0.08268927 -0.19432079 -0.03874066 ...,  0.29496633  0.08576652
   0.09579217]] [[  6.17817596e+02   0.00000000e+00   0.00000000e+00 ...,   0.00000000e+00
    0.00000000e+00   0.00000000e+00]
 [  0.00000000e+00   1.40608542e+01   0.00000000e+00 ...,   0.00000000e+00
    0.00000000e+00   0.00000000e+00]
 [  0.00000000e+00   0.00000000e+00   1.25100222e+01 ...,   0.00000000e+00
    0.00000000e+00   0.00000000e+00]
 ..., 
 [  0.00000000e+00   0.00000000e+00   0.00000000e+00 ...,   3.16399440e-02
    0.00000000e+00   0.00000000e+00]
 [  0.00000000e+00   0.00000000e+00   0.00000000e+00 ...,   0.00000000e+00
    1.46974174e-02   0.00000000e+00]
 [  0.00000000e+00   0.00000000e+00   0.00000000e+00 ...,   0.00000000e+00
    0.00000000e+00   1.25795046e-03]]
