[[ 0.0526673   0.00217037 -0.09925377 ...,  0.01810571  0.01164768
   0.03696303]
 [ 0.0519227  -0.0576582  -0.06916457 ..., -0.04384963 -0.0361464
   0.00652561]
 [ 0.05036795  0.06643352 -0.05753501 ...,  0.00652728  0.03368961
   0.0157849 ]
 ..., 
 [ 0.05348921 -0.04584334  0.0693611  ...,  0.03434017 -0.02259098
  -0.03180272]
 [ 0.05148241  0.06048408  0.02690828 ..., -0.0079539  -0.01013746
   0.01320545]
 [ 0.05026395  0.07967239  0.091133   ...,  0.03503295  0.01312144
   0.0298139 ]] [[ 0.04873355  0.04990449  0.05045125 ...,  0.05244378  0.05173717
   0.05295371]
 [-0.04663831 -0.05831365 -0.04378496 ..., -0.01672841  0.01043761
  -0.02906429]
 [-0.03741377 -0.12712154  0.01563668 ..., -0.03452366  0.02824969
  -0.04386712]
 ..., 
 [-0.00268649  0.02900649  0.06133676 ...,  0.02236193 -0.01563909
  -0.03425634]
 [ 0.00287121 -0.09348826  0.01581148 ..., -0.06873052 -0.02278152
  -0.02931298]
 [-0.00022651  0.01517617  0.03247769 ...,  0.01348005 -0.00461207
   0.06077846]] [[  3.80085462e+04   0.00000000e+00   0.00000000e+00 ...,   0.00000000e+00
    0.00000000e+00   0.00000000e+00]
 [  0.00000000e+00   1.28880155e+02   0.00000000e+00 ...,   0.00000000e+00
    0.00000000e+00   0.00000000e+00]
 [  0.00000000e+00   0.00000000e+00   1.24392022e+02 ...,   0.00000000e+00
    0.00000000e+00   0.00000000e+00]
 ..., 
 [  0.00000000e+00   0.00000000e+00   0.00000000e+00 ...,   2.07524647e-03
    0.00000000e+00   0.00000000e+00]
 [  0.00000000e+00   0.00000000e+00   0.00000000e+00 ...,   0.00000000e+00
    1.65289762e-03   0.00000000e+00]
 [  0.00000000e+00   0.00000000e+00   0.00000000e+00 ...,   0.00000000e+00
    0.00000000e+00   1.96888458e-05]]
