[[ 0.03617184  0.05716209  0.03461451 ..., -0.01472366  0.00131148
   0.00180189]
 [ 0.03606303 -0.00926238 -0.05345538 ...,  0.01677568  0.00062523
   0.02464122]
 [ 0.03559199 -0.02020249  0.01789278 ..., -0.0209428   0.00617444
  -0.00570443]
 ..., 
 [ 0.03525617  0.0162232  -0.01566563 ..., -0.02803993  0.00272131
  -0.00995691]
 [ 0.03546058  0.04078892  0.05576548 ...,  0.03675603  0.01206198
  -0.00254709]
 [ 0.03502879  0.00140956 -0.07074603 ...,  0.02935766  0.01451906
  -0.00498749]] [[-0.03564343 -0.03807075 -0.03562416 ..., -0.03531108 -0.0358487
  -0.03612176]
 [-0.00656568 -0.04409372 -0.04485104 ..., -0.00718983  0.0342634
   0.04848794]
 [-0.01569525 -0.00680269 -0.05484077 ..., -0.0404534   0.00066189
   0.07069796]
 ..., 
 [ 0.00103323  0.0361345  -0.07029325 ..., -0.02806974  0.03776483
  -0.03433178]
 [-0.00052697  0.00100771  0.02258569 ..., -0.02693348 -0.00232026
  -0.01073228]
 [-0.00532198 -0.00372618  0.00630519 ..., -0.03941549  0.01771837
  -0.04211938]] [[  1.48429521e+05   0.00000000e+00   0.00000000e+00 ...,   0.00000000e+00
    0.00000000e+00   0.00000000e+00]
 [  0.00000000e+00   2.52931240e+02   0.00000000e+00 ...,   0.00000000e+00
    0.00000000e+00   0.00000000e+00]
 [  0.00000000e+00   0.00000000e+00   2.47574119e+02 ...,   0.00000000e+00
    0.00000000e+00   0.00000000e+00]
 ..., 
 [  0.00000000e+00   0.00000000e+00   0.00000000e+00 ...,   1.95095027e-03
    0.00000000e+00   0.00000000e+00]
 [  0.00000000e+00   0.00000000e+00   0.00000000e+00 ...,   0.00000000e+00
    5.19017663e-04   0.00000000e+00]
 [  0.00000000e+00   0.00000000e+00   0.00000000e+00 ...,   0.00000000e+00
    0.00000000e+00   3.11255116e-05]]
